search_rank,product_name,old_price,discount,new_price,rating,number_of_ratings,official_store,brand_name,source
1,Nokia 106 (2018) - 1.8-inch Dual SIM Mobile Phone - Dark Grey,875.0,3,850.0,3.9,21,official_store,nokia,Jumia
2,Samsung Galaxy A04s - 6.5-inch 4GB/128GB Dual Sim 4G Mobile Phone - Black,6666.0,13,5799.0,4.0,22,Non,Not a brand,Jumia
3,Samsung Galaxy A34 5G - 6.6-inch 8GB/256GB Dual Sim - Mobile Phone - Awesome Silver,15666.0,22,12199.0,4.0,1,Non,Not a brand,Jumia
4,Samsung Galaxy A14 - 6.6-inch 4GB/64GB Dual Sim 4G - Mobile Phone - Black,7999.0,33,5390.0,4.0,2,Non,Not a brand,Jumia
5,Samsung Galaxy A54 5G - 6.6-inch 8GB/256GB Dual Sim - Mobile Phone - Awesome Graphite,19666.0,17,16299.0,,0,Non,Not a brand,Jumia
6,OPPO A58 - 6.72-inch 128GB/8GB Dual SIM 4G Mobile Phone - Glowing Black (D),8999.0,16,7599.99,,0,Non,Not a brand,Jumia
7,OPPO A17 - 6.56 Inch 64GB/4GB Dual SIM 4G Mobile Phone - Midnight Black (D),5999.0,6,5666.99,4.8,4,official_store,oppo,Jumia
8,"Samsung Galaxy A23 4GB Ram, 128GB Made In Egypt - Black",8049.0,4,7704.0,5.0,1,Non,Not a brand,Jumia
9,Cisco CP-7821-K9 UC IP Phone,11250.0,0,11250.0,,0,Non,Not a brand,Jumia
10,Iku A6 Dual Sim Gold 1GB RAM 32GB 3G,3099.0,0,3099.0,5.0,1,Non,Not a brand,Jumia
11,Samsung Guru Music 2 SM-B315E (Blue),1000.0,10,899.0,1.0,1,Non,Not a brand,Jumia
12,"Iku A7, 6.0 Inch 2GB RAM 16GB Internal Memory - Sky Blue",3399.0,41,1999.0,,0,Non,Not a brand,Jumia
13,"Iku A22 4G,  6.2 Inches, Dual SIM, 2GB Ram 32GB Internal Memory -  Navy Blue",2800.0,0,2800.0,1.5,2,Non,Not a brand,Jumia
14,OPPO A16K - 6.52 -inch 32GB/3GB Dual SIM Mobile Phone - Blue (D),4999.0,18,4099.99,3.0,1,official_store,oppo,Jumia
15,Itel It2160 - 1.77-inch Dual SIM Mobile Phone - Dark Blue,699.0,16,587.0,4.4,437,Non,Not a brand,Jumia
16,Samsung Galaxy A04e - 6.5-inch 32GB/3GB Dual Sim 4G Mobile Phone - Light Blue,4666.0,18,3838.0,3.8,4,Non,Not a brand,Jumia
17,OPPO A77 - 6.56-inch 128GB/4GB Dual SIM 4G Mobile Phone - Sky Blue (D),7444.0,8,6839.99,,0,official_store,oppo,Jumia
18,OPPO A58 - 6.72-inch 128GB/8GB Dual SIM 4G Mobile Phone - Dazzling Green (D),8999.0,16,7599.99,,0,Non,Not a brand,Jumia
19,Iku S3 Dual SIM Mobile Phone  – Black,515.0,0,515.0,5.0,1,Non,Not a brand,Jumia
20,OPPO Reno 7 5G - 6.43-inch 256GB/8GB Dual SIM 4G Mobile Phone - Stary Black (D),12222.0,3,11899.99,5.0,2,official_store,oppo,Jumia
21,Nokia 106 -1.8-inch Dual SIM Mobile Phone - Emerald Green,1099.0,14,949.99,3.0,1,Non,Not a brand,Jumia
22,Iku A11 6.5” 32GB 4G DUAL-SIM SMARTPHONE-Forest Green,5332.95,0,5332.95,5.0,1,Non,Not a brand,Jumia
23,Samsung Galaxy A03 - 6.5-inch 128GB/4GB Dual Sim 4G Mobile Phone - Black,5555.0,10,4999.0,5.0,4,Non,Not a brand,Jumia
24,"Infinix Hot 30i Dual SIM, 8GB RAM Up To 16GB, 128GB ROM -Mirror Black",8509.0,12,7474.0,,0,Non,Not a brand,Jumia
25,Nokia C10 2GB Ram 32GB Memory - Gray,3999.0,35,2595.0,,0,Non,Not a brand,Jumia
26,Samsung Galaxy A03 - 6.5-inch 32GB/3GB Dual Sim 4G Mobile Phone -Black,4444.0,12,3899.0,5.0,3,Non,Not a brand,Jumia
27,Samsung Galaxy A03 - 6.5-inch 32GB/3GB Dual Sim 4G Mobile Phone - Blue,4444.0,12,3899.0,3.8,17,Non,Not a brand,Jumia
28,Iku S5 Dual SIM Mobile Phone  – Black,630.0,0,630.0,1.0,1,Non,Not a brand,Jumia
29,Iku S5 Dual SIM Mobile Phone  – Green,630.0,0,630.0,5.0,2,Non,Not a brand,Jumia
30,Nokia 150 Dual SIM Phone With One,1199.0,10,1079.0,,0,Non,Not a brand,Jumia
31,Huawei Nova Y90 - 6.7-inch 8GB/128GB Dual Sim 4G Mobile Phone - Midnight Black,12499.0,30,8699.99,,0,official_store,huawei,Jumia
32,OPPO A57 - 6.56-inch 64GB/4GB Dual SIM 4G Mobile Phone - Glowing Green (D),6999.0,17,5799.99,,0,official_store,oppo,Jumia
33,Iku X5 Smartphone 6.9 Inches 4GBRam 64GB 4G 5500mAh - Maroon Red,3599.0,5,3420.0,,0,Non,Not a brand,Jumia
34,"CAT B26 Dual Sim Rugged Phone (GSM Only, No CDMA) Factory Unlocked 2G GSM (Black)",4500.0,0,4500.0,,0,Non,Not a brand,Jumia
35,Iku A6 Dual Sim Slate Gray 1GB RAM 32GB 3G,1899.0,0,1899.0,,0,Non,Not a brand,Jumia
36,Nokia 130 -1.8 -inch Dual SIM Mobile Phone - Black,1499.0,22,1175.99,,0,Non,Not a brand,Jumia
37,Iku S3 Dual SIM Mobile Phone  – Gray,515.0,0,515.0,,0,Non,Not a brand,Jumia
38,"realme 11 8 GB RAM, 256 GB ROM, 4G - Glory Gold",12649.0,9,11499.0,,0,Non,Not a brand,Jumia
39,Infinix Hot 20i - 6.6-inch 64GB/4+3GB Dual SIM Mobile Phone - Wilderness Black,4500.0,10,4050.0,,0,Non,Not a brand,Jumia
40,Itel S18 Dual SIM- 6.6Hd Inch-5000 MAh- 64GB - Mint Green + Free Gift Mobile Holder,3999.0,15,3399.0,,0,Non,Not a brand,Jumia
41,（EU）220V To 12V EU USA AC/DC  Lighter Car  Lighter Adapter Conversion Plug Auto Accessories TSLM1,676.0,23,520.0,,0,Non,Not a brand,Jumia
42,(No Switch-B)Waterproof Panel Type C PD Socket Adapter,1100.0,20,880.0,,0,Non,Not a brand,Jumia
43,（0.6M BLACK）1PC USB 5V To 12V Car  Lighter Socket Female Converter Power Adapter Cable 0.6/1M Long,748.0,23,576.0,,0,Non,Not a brand,Jumia
44,(No Switch-B)Waterproof Panel Type C PD Socket Adapter,1100.0,20,880.0,,0,Non,Not a brand,Jumia
45,（Green Led Light）Black Color 12V 120W Motorcycle Car Boat Tractor Accessory Waterproof  Lighter Power Socket Plug Outlet Car-styling,676.0,23,520.0,,0,Non,Not a brand,Jumia
46,(DC Charger)Car Lighter Adapter AC 220V To DC 12V EU,838.0,20,670.0,,0,Non,Not a brand,Jumia
47,(Model F)1Pcs Universal Car Lighter On Cover Aluminum,838.0,20,670.0,,0,Non,Not a brand,Jumia
48,(US Plug)2021 AC 220V To DC 12V Car  Lighter Socket EU US,838.0,20,670.0,,0,Non,Not a brand,Jumia
49,(Style102)Portable DIN To USB Outlet DIN Socket USB,1237.0,20,990.0,,0,Non,Not a brand,Jumia
50,(Without Lighter-B)12 Volt Car Backlight Adapter,1072.0,21,850.0,,0,Non,Not a brand,Jumia
51,1pcs/3pcs/5pcs Metal Plate Disk For Magnet Car Phone Holder Iron Sheet Sticker For Magnetic,1066.0,42,618.0,,0,Non,Not a brand,Jumia
52,(Orange)Lighter Socket Splitter12V/24V Dual USB Outlet,948.0,21,750.0,,0,Non,Not a brand,Jumia
53,(Red)12V-24V Car  Lighter Socket Motorcycle Car Auto Boat,838.0,20,670.0,,0,Non,Not a brand,Jumia
54,(196-Black)Portable DIN To USB Outlet DIN Socket USB,1210.0,21,960.0,,0,Non,Not a brand,Jumia
55,(type 1 Red)Car  Lighter Sockets Dual USB Motorcycle,948.0,21,750.0,,0,Non,Not a brand,Jumia
56,(Green)12V-24V Car  Lighter Socket Motorcycle Car Auto Boat,838.0,20,670.0,,0,Non,Not a brand,Jumia
57,(black)Car  Lighter Socket 12V Waterproof Auto Boat,838.0,20,670.0,,0,Non,Not a brand,Jumia
58,（5pcs）2/5pcs Motorcycle  Lighter Socket USB 12V Waterproof Car Boat Power Outlet Socket Receptacle  Motorbike Power Plug  A35,676.0,23,520.0,,0,Non,Not a brand,Jumia
59,Magnetic Metal Plate For Car Phone Holder Iron Sheet Disk Sticker Telefon Magnet Stand For,1239.0,42,718.0,,0,Non,Not a brand,Jumia
60,Metal Plate With Adhesive Iron Plate For Magnetic Car Phone Holder Stand Circular Square Iron,1066.0,42,618.0,,0,Non,Not a brand,Jumia
61,（200CM）2019 New 12V 24V 10A Car Accessory  Lighter 2m Extension Cable 1m 5m Lighter Socket  Extension Power Cable W9F2,810.0,23,623.0,,0,Non,Not a brand,Jumia
62,(Package C)Universal Motorcycle Car  Lighter Cover Metal,676.0,23,520.0,,0,Non,Not a brand,Jumia
63,(4m)12V 24V DC Car  Lighter Plug Pre Wired Male,1058.0,21,840.0,,0,Non,Not a brand,Jumia
64,"2Pcs 12V Universal Vehicle  Lighter Socket Connector Plug 15A Play In Cars, Trucks, RVs Or Boats Wholesale",676.0,23,520.0,,0,Non,Not a brand,Jumia
65,1pcs/3pcs/5pcs Metal Plate Disk For Magnet Car Phone Holder Iron Sheet Sticker For Magnetic,1066.0,42,618.0,,0,Non,Not a brand,Jumia
66,10Pcs/5pcs/lot Metal Plate Disk Iron Sheet For Magnetic Car Phone Holder Stand Metal Plate For,1322.0,42,767.0,,0,Non,Not a brand,Jumia
67,(Type-2 Blue)4 In 1 LED Digital 12V  Lighter Socket USB,838.0,20,670.0,,0,Non,Not a brand,Jumia
68,(With Lighter-G)12 Volt Car Backlight Adapter,1072.0,21,850.0,,0,Non,Not a brand,Jumia
69,（Green Add Wire） Lighter Socket Waterproof 12V Power Plug Outlet Receptacle For Car Marine Motorcycle ATV RV Socket Power Outlet,676.0,23,520.0,,0,Non,Not a brand,Jumia
70,(196-Blue)Portable DIN To USB Outlet DIN Socket USB,1210.0,21,960.0,,0,Non,Not a brand,Jumia
71,(Gold)Universal 12V Car  Lighter Socket 3.1A Dual-port USB,838.0,20,670.0,,0,Non,Not a brand,Jumia
72,（None Led With Cable）Black Color 12V 120W Motorcycle Car Boat Tractor Accessory Waterproof  Lighter Power Socket Plug Outlet Car-styling,676.0,23,520.0,,0,Non,Not a brand,Jumia
73,(Grey)3 In 1 Dual USB Car  Lighter Socket Splitter Plug 3,990.0,20,790.0,,0,Non,Not a brand,Jumia
74,(No Volt And Switch)Waterproof Panel Type C PD Socket,1100.0,20,880.0,,0,Non,Not a brand,Jumia
75,(115W)Anchtek 115W Car Lighter USB Type-C PD 3-Port,1058.0,21,840.0,,0,Non,Not a brand,Jumia
76,(1M BLACK)1PC USB 5V To 12V Car  Lighter Socket Female,976.0,20,780.0,,0,Non,Not a brand,Jumia
77,(2 USB Ports)Universal Waterproof Dual-hole Lighter,1155.0,20,920.0,,0,Non,Not a brand,Jumia
78,(silver)12V Car  Lighter Socket Splitter Plug Dual USB,838.0,20,670.0,,0,Non,Not a brand,Jumia
79,(Blue)DIN To USB Adapter Portable Angled Motorcycle DIN,838.0,20,670.0,,0,Non,Not a brand,Jumia
80,(No Switch-R)Waterproof Panel Type C PD Socket Adapter,1100.0,20,880.0,,0,Non,Not a brand,Jumia
81,OPPO A77S - 6.5-Inch 128GB/8GB Dual SIM  4G Mobile Phone  - Blue,8199.0,0,8199.0,,0,Non,Not a brand,Jumia
82,OPPO A77s 8G 128GB - Sunset Orange,8299.0,4,7999.0,,0,Non,Not a brand,Jumia
83,realme 9I 6G 128GB Prism Black,7999.0,7,7444.0,,0,Non,Not a brand,Jumia
84,XIAOMI REDMI NOTE 12S 8GB- RAM- 256GB ROM DUAL -SIM,12999.0,11,11570.0,,0,Non,Not a brand,Jumia
85,"Samsung Galaxy M33 Dual SIM, 128GB, 8GB, 5G, Brown",9299.0,0,9299.0,,0,Non,Not a brand,Jumia
86,Lenovo Tab M7 - 7.0-inch 2GB/32GB Nano-SIM - Iron Grey,3333.0,4,3199.99,5.0,4,Non,Not a brand,Jumia
87,realme C25Y - 6.5-inch 128GB/4GB Dual SIM Mobile Phone -Metal Grey,5999.0,9,5488.0,,0,Non,Not a brand,Jumia
88,"realme C55 Dual SIM, 8GB RAM, 256GB - Sunshower",10924.0,12,9659.0,,0,Non,Not a brand,Jumia
89,OPPO A55 - 6.51-inch 128GB/4GB Dual SIM 4G Mobile Phone - Starry Black,6299.0,0,6299.0,,0,Non,Not a brand,Jumia
90,"Samsung Galaxy A04e 3GB, 64GB - Black",5059.0,2,4944.0,,0,Non,Not a brand,Jumia
91,"Samsung Galaxy A03s, 4GB RAM, 64GB, 6.5 Inches - Black",7704.0,15,6554.0,,0,Non,Not a brand,Jumia
92,"OPPO A55, 6.51"", 128GB, 4GB RAM, 5000 MAh - Starry Black",8509.0,8,7819.0,,0,Non,Not a brand,Jumia
93,"Infinix Smart 6 Plus 64GB/3GB(Up To 6GB) Ram Dual Sim 4G, 5000 MAh - Crystal Volet",5289.0,13,4599.0,,0,Non,Not a brand,Jumia
94,realme C53 6GB 128GB Mighty Black,7599.0,4,7300.0,,0,Non,Not a brand,Jumia
95,OPPO A55 128G-Blue INT A55 64GB/4GB 6.5inch Dual SIM Mobile Phone - Blue,7002.97,0,7002.97,,0,Non,Not a brand,Jumia
96,"OPPO A76, 6.56"", 128GB, 6GB RAM, 5000 MAh - Glowing Blue",10349.0,11,9199.0,,0,Non,Not a brand,Jumia
97,Desktop Stand Holder,360.0,23,277.0,,0,Non,Not a brand,Jumia
98,"Iku A12 Dual SIM, 64GB Memory, 4GB RAM,  6.5"" Inches - Twilight Blue",5174.0,11,4599.0,,0,Non,Not a brand,Jumia
99,Nokia New 105 Dual Sim - Mobile Phone - Charcoal +Free Mobile Holder,999.0,10,899.0,,0,Non,Not a brand,Jumia
100,"Samsung Galaxy M33 Dual SIM, 128GB, 8GB, 5G, Brown",14566.0,4,13914.0,,0,Non,Not a brand,Jumia
101,Infinix X688B Hot 11 - 6.82inch 64GB/4GB Dual SIM Mobile Phone - Exploratory Blue,6666.0,35,4365.0,,0,Non,Not a brand,Jumia
102,Decoratieve Telefoonparaplu  Anti-reflectie Voor Black,230.0,29,164.0,,0,Non,Not a brand,Jumia
103,"Infinix Smart 6 Plus 64GB/3GB(Up To 6GB) Ram Dual Sim 4G, 5000 MAh - Tranquil Sea Blue",5289.0,13,4599.0,,0,Non,Not a brand,Jumia
104,"OPPO A16K, 6.52"", 64GB, 4GB RAM, 4230 MAh - Blue",6899.0,13,5979.0,,0,Non,Not a brand,Jumia
105,Samsung Galaxy A14 - 6.6 Inches -64GB-4GB Ram– Dula Sim Mobile 4G – Black,6999.0,19,5666.0,,0,Non,Not a brand,Jumia
106,XIAOMI Redmi 9A - 6.53-inch 32GB/2G Dual Sim 4G Mobile Phone - Granite Gray,5999.0,27,4399.0,,0,Non,Not a brand,Jumia
107,XIAOMI Redmi Note 11 6GB Ram 128GB Memory - Graphite Gray,11499.0,12,10119.0,,0,Non,Not a brand,Jumia
108,"Iku T8 Tablet 8 Inch, 2GB RAM, 16GB, 4G-Grey",3253.95,0,3253.95,,0,Non,Not a brand,Jumia
109,"OPPO A16, 6.52"", 64GB, 4GB RAM, 5000 MAh - Pearl Blue",8049.0,14,6899.0,,0,Non,Not a brand,Jumia
110,Vivo Y22 - 6.55-inch 4GB/128GB Dual Sim 4G Mobile Phone - Starlite Blue,7999.0,8,7390.99,,0,Non,Not a brand,Jumia
111,"Iku Mobile X4 64GB, 4GB RAM 6.39"" Inches - Ocean Teal",5749.0,16,4829.0,,0,Non,Not a brand,Jumia
112,Vivo Y16 - 6.5 Inch - 64G/4G - Dual Sim 4G Mobile Phone - Drizzling Gold,5999.0,8,5545.0,,0,Non,Not a brand,Jumia
113,Bling Rhinestone Crystal Car Air Vent Automatic Phone Holder Golden,291.0,33,194.0,,0,Non,Not a brand,Jumia
114,"OPPO Reno 7, 6.43"", 128GB, 8GB RAM, 4500 MAh - Sunset Orange",14374.0,13,12534.0,,0,Non,Not a brand,Jumia
115,Magnetic Phone Cooler Pad Heatsink Radiator Watching Videos Holder,164.0,23,126.0,,0,Non,Not a brand,Jumia
116,Itel It2160 - 1.77-inch Dual SIM Mobile Phone - Black,788.0,15,666.0,,0,Non,Not a brand,Jumia
117,Nokia New 105 Dual Sim - Mobile Phone- Cyan +Free Mobile Holder,999.0,10,899.0,,0,Non,Not a brand,Jumia
118,"Vivo Y35 Dual SIM, 128GB, 8GB RAM, 4G LTE- Dawn Gold",10349.0,2,10119.0,,0,Non,Not a brand,Jumia
119,"Iku A12 Dual SIM, 64GB Memory, 4GB RAM - Atomic Gray",5174.0,11,4599.0,,0,Non,Not a brand,Jumia
120,"Iku X5 64GB, 4GB RAM, 4G, 5500mAh - Maroon Red",5289.0,4,5059.0,,0,Non,Not a brand,Jumia
121,Samsung Galaxy M52 - 6.7-inch 128GB/8GB Dual SIM 5G Mobile Phone - White,12999.0,11,11599.0,5.0,4,Non,Not a brand,Jumia
122,Lava Iris 46 – 5 Inch – 1GB/32GB RAM – 4G Dual SIM Mobile Phone - Black,2555.0,19,2080.0,,0,Non,Not a brand,Jumia
123,O Accessories Chain Mobile Phone Strap Of Colored Beads,100.0,28,72.0,5.0,1,Non,Not a brand,Jumia
124,O Accessories Chain Mobile Phone Strap Of Colored Beads,69.0,0,69.0,,0,Non,Not a brand,Jumia
125,XIAOMI Redmi 12 - 8GB/256GB - Dual Sim - 4G Mobile Phone - Silver,7888.0,0,7888.0,,0,Non,Not a brand,Jumia
126,Nokia 110 Dual Sim - Mobile Phone - BLUE +Free Mobile Holder,1699.0,26,1250.0,,0,Non,Not a brand,Jumia
127,Car Power Inverter - 150W  - 12V DC To 220V AC + USB Port - 5V,399.0,50,199.0,3.6,15,Non,Not a brand,Jumia
128,"Samsung Galaxy A54 Dual SIM Mobile Phone Android, 8GB RAM, 128GB, Awesome Lime",14499.0,0,14499.0,,0,Non,Not a brand,Jumia
129,O Accessories Chain Mobile Phone Strap Of Colored Beads,70.0,0,70.0,,0,Non,Not a brand,Jumia
130,Itel A60S – 2GB RAM – 64GB ROM,6800.0,56,2999.0,,0,Non,Not a brand,Jumia
131,OPPO A38 - 6.56-inch 128GB/4GB Dual SIM 4G Mobile Phone - Glowing Gold (D),7299.0,10,6599.99,,0,Non,Not a brand,Jumia
132,B-15 Stone Pattern Car Mount Phone Holder,327.0,30,229.0,,0,Non,Not a brand,Jumia
133,WQ-02 Foldable Creative Lazy Bracket Phone Holder-Black,241.0,30,169.0,5.0,1,Non,Not a brand,Jumia
134,XIAOMI Redmi 12C 4GB / 128GB - Grey - 4G - Mobile,5999.0,0,5999.0,,0,Non,Not a brand,Jumia
135,Car Phone Holder Air Vent Mount Stand,584.0,30,409.0,,0,Non,Not a brand,Jumia
136,realme C30s – 6.5 Inch – 64GB/3GBRAM,10500.0,60,4200.0,,0,Non,Not a brand,Jumia
137,Samsung Galaxy A04s - 6.5-inch 4GB/64GB Dual Sim 4G Mobile Phone - Black,4999.0,0,4999.0,5.0,1,Non,Not a brand,Jumia
138,OPPO A77S - 6.5-Inch 128GB/8GB Dual SIM  4G Mobile Phone  - Blue,8199.0,0,8199.0,,0,Non,Not a brand,Jumia
139,"Iku A23 6.1 Inches, Dual Sim 2GB RAM 32GB Internal Memory  - Forest Green",2299.0,5,2185.0,,0,Non,Not a brand,Jumia
140,Car Phone Holder Air Vent Mount Stand,584.0,30,409.0,,0,Non,Not a brand,Jumia
141,"OPPO A96, 6.59“  50MP+2MP Rear Camera, 16MP Front Camera, RAM 8GB + ROM 256GB - Sunset Blue",9999.0,1,9884.0,5.0,2,Non,Not a brand,Jumia
142,Vivo V27 5G 8GB RAM 256GB ROM,22500.0,21,17817.0,,0,Non,Not a brand,Jumia
143,Itel A60S – 2GB RAM – 64GB ROM,6800.0,51,3300.0,,0,Non,Not a brand,Jumia
144,Huawei Nova 11i - 6.8-inch 8GB/128GB Dual Sim 4G Mobile Phone - Starry Black,12999.0,11,11599.99,,0,Non,Not a brand,Jumia
145,O Accessories Chain Mobile Phone Strap Of Colored Beads_ Pearls _One Piece,130.0,27,95.0,,0,Non,Not a brand,Jumia
146,Itel S18 Dual SIM- 6.6Hd Inch-5000 MAh- 64GB - DIGITAL SILVER + Free Gift Mobile Holder,3999.0,15,3399.0,,0,Non,Not a brand,Jumia
147,"Iku T8 Tablet 8 Inch, 2GB RAM, 16GB Internal Memory, 4G-Silver",2599.0,0,2599.0,,0,Non,Not a brand,Jumia
148,O Accessories Chain Mobile Phone Strap Of Colored Beads,77.0,0,77.0,,0,Non,Not a brand,Jumia
149,Pioneer TS-A6987S,3250.0,0,3250.0,,0,Non,Not a brand,Jumia
150,Vivo Y22 - 4GB RAM - 128GB - Metaverse Green,7991.0,7,7399.0,,0,Non,Not a brand,Jumia
151,XIAOMI REDMI NOTE 12S 8GB- RAM- 256GB ROM DUAL -SIM,12999.0,11,11570.0,,0,Non,Not a brand,Jumia
152,XIAOMI Poco C40 - 3GB RAM - 32GB - Power Black,4999.0,20,3999.0,,0,Non,Not a brand,Jumia
153,XIAOMI Poco C40 - 3GB RAM - 32GB - Poco Yellow,4999.0,20,3999.0,,0,Non,Not a brand,Jumia
154,XIAOMI Redmi 9C 3GB Ram 64GB Memory - Lavender Purple,6899.0,18,5634.0,,0,Non,Not a brand,Jumia
155,"realme C55 Dual SIM, 8GB RAM, 256GB - Sunshower",10924.0,12,9659.0,,0,Non,Not a brand,Jumia
156,（Blue Set）QC 3.0 12V Dual USB Car Socket LED   Lighter Socket Splitter Panel ON/Off Rocker Toggle Switch For Truck Car,1287.0,23,990.0,,0,Non,Not a brand,Jumia
157,"OPPO A76 6.56 Inches ,Dual SIM ,4G LTE ,4GB Ram, 128 GB Storage - Glowing Black",6999.0,3,6799.0,4.5,2,Non,Not a brand,Jumia
158,Huawei Nova Y61- 6.52-inch 4GB/64GB Dual Sim 4G Mobile Phone - Midnight Black,9999.0,42,5799.99,,0,Non,Not a brand,Jumia
159,OPPO A55 - 6.51-inch 128GB/4GB Dual SIM 4G Mobile Phone - Starry Black,6299.0,0,6299.0,,0,Non,Not a brand,Jumia
160,Samsung Galaxy A54 5G - 6.6-inch 8GB/128GB Dual Sim - Mobile Phone - Awesome Lime,18399.0,18,14999.0,,0,Non,Not a brand,Jumia
161,Pioneer TS-A6987S,3250.0,0,3250.0,,0,Non,Not a brand,Jumia
162,"XIAOMI Redmi A1 Plus, 32GB, 2GB Ram, 6.5-inch, 4G, GB Black",4999.0,28,3599.0,,0,Non,Not a brand,Jumia
163,Vivo Y22 - 4GB RAM - 128GB - Metaverse Green,7991.0,7,7399.0,,0,Non,Not a brand,Jumia
164,XIAOMI REDMI NOTE 12S 8GB- RAM- 256GB ROM DUAL -SIM,12999.0,11,11570.0,,0,Non,Not a brand,Jumia
165,XIAOMI Poco C40 - 3GB RAM - 32GB - Power Black,4999.0,20,3999.0,,0,Non,Not a brand,Jumia
166,XIAOMI Poco C40 - 3GB RAM - 32GB - Poco Yellow,4999.0,20,3999.0,,0,Non,Not a brand,Jumia
167,XIAOMI Redmi 9C 3GB Ram 64GB Memory - Lavender Purple,6899.0,18,5634.0,,0,Non,Not a brand,Jumia
168,（Blue Set）QC 3.0 12V Dual USB Car Socket LED   Lighter Socket Splitter Panel ON/Off Rocker Toggle Switch For Truck Car,1287.0,23,990.0,,0,Non,Not a brand,Jumia
169,"OPPO A76 6.56 Inches ,Dual SIM ,4G LTE ,4GB Ram, 128 GB Storage - Glowing Black",6999.0,3,6799.0,4.5,2,Non,Not a brand,Jumia
170,"OPPO A76, 6.56"", 128GB, 6GB RAM, 5000 MAh - Glowing Black",10349.0,11,9199.0,,0,Non,Not a brand,Jumia
171,Huawei Nova Y61- 6.52-inch 4GB/64GB Dual Sim 4G Mobile Phone - Midnight Black,9999.0,42,5799.99,,0,Non,Not a brand,Jumia
172,realme C53 - 6GB RAM - 128GB - Gold,8639.0,7,7999.0,,0,Non,Not a brand,Jumia
173,Iku X5 Smartphone 6.9 Inches 4GBRam 64GB 4G 5500mAh - Forest Green,3599.0,5,3420.0,,0,Non,Not a brand,Jumia
174,Infinix Smart 6 - 6.6-inch 64GB/3GB Dual SIM Mobile Phone-Quetzal Cyan,3699.0,0,3699.0,,0,Non,Not a brand,Jumia
175,Car Air Outlet Six-claw Gravity Mobile Phone Holder Bracket,512.0,30,359.0,,0,Non,Not a brand,Jumia
176,OPPO A76 4G 128GB Glowing Black,6500.0,4,6250.0,,0,Non,Not a brand,Jumia
177,"Vivo Y36 8GB,128GB - Meteor Black",10924.0,5,10349.0,,0,Non,Not a brand,Jumia
178,Vivo V27E - 6.6 Inch - 256G/8G - Dual Sim 4G Mobile Phone - Glory Black,12500.0,7,11566.0,,0,Non,Not a brand,Jumia
179,Pioneer Round Car Speaker,1500.0,0,1500.0,,0,Non,Not a brand,Jumia
180,realme C25Y - 6.5-inch 128GB/4GB Dual SIM Mobile Phone -Metal Grey,5999.0,9,5488.0,,0,Non,Not a brand,Jumia
181,Huawei MatePad T10 - 9.7-inch 2GB/32GB Nano-SIM - DeepSea Blue,6444.0,16,5399.99,,0,Non,Not a brand,Jumia
182,Itel S18 Dual SIM- 6.6Hd Inch-5000 MAh- 64GB - MIDMIGHT BLACK+ Free Mobile Holder,3999.0,15,3399.0,,0,Non,Not a brand,Jumia
183,"OPPO A55, 6.51"", 128GB, 4GB RAM, 5000 MAh - Starry Black",8509.0,8,7819.0,,0,Non,Not a brand,Jumia
184,"Infinix Smart 6 Plus 64GB/3GB(Up To 6GB) Ram Dual Sim 4G, 5000 MAh - Crystal Volet",5289.0,13,4599.0,,0,Non,Not a brand,Jumia
185,（1Pcs Yellow Cable） Lighter Car Charger Mobile Phone Charger Dual USB Connector Fast Charging For IPhone Huawei Samsung OnePlus Xiaomi,676.0,23,520.0,,0,Non,Not a brand,Jumia
186,realme C33 4G 128GB - Aqua Blue,5799.0,6,5450.0,,0,Non,Not a brand,Jumia
187,Vivo Y21a - 6.5 Inches - 4GB RAM/64GB ROM - Diamond Glow,5999.0,11,5333.0,,0,Non,Not a brand,Jumia
188,"Samsung Galaxy A03 Core Dual Sim, 32GB, 2GB RAM, 4G, 6.5 Inches - Black",5404.0,6,5059.0,,0,Non,Not a brand,Jumia
189,Car Dashboard Anti-skid Magic Sticky Silicone Pad,341.0,30,239.0,3.0,1,Non,Not a brand,Jumia
190,OPPO A55 - 6.51-inch 128GB/4GB Dual SIM 4G Mobile Phone - Rainbow Blue,6699.0,0,6699.0,,0,Non,Not a brand,Jumia
191,realme C30s – 6.5 Inch – 32GB/2GB RAM,10500.0,65,3700.0,,0,Non,Not a brand,Jumia
192,"Iku A12 Dual SIM, 64GB Memory, 4GB RAM,  6.5"" Inches - Twilight Blue",5174.0,11,4599.0,,0,Non,Not a brand,Jumia
193,Nokia 105 Dual Sim - Mobile Phone - Charcoal +Free Mobile Holder,999.0,10,899.0,,0,Non,Not a brand,Jumia
194,Nokia New 105 Dual Sim - Mobile Phone - Charcoal +Free Mobile Holder,999.0,10,899.0,,0,Non,Not a brand,Jumia
195,(C)150W Car Charger12V/24V 2Socket  Lighter Adapter Multi,794.0,23,611.0,,0,Non,Not a brand,Jumia
196,Phone Stand Holder Extendable Anti Slip Aluminum Alloy,280.0,23,215.0,,0,Non,Not a brand,Jumia
197,Iku X5 Smartphone 6.9 Inches 4GBRam 64GB 4G 5500mAh - Navy Blue,3599.0,0,3599.0,,0,Non,Not a brand,Jumia
198,(Green Add Wire)Dual USB Charger Socket 5V/4.2A USB Car,921.0,21,730.0,,0,Non,Not a brand,Jumia
199,Vivo Y16 - 6.51-inch 4GB/64GB Dual Sim 4G Mobile Phone - Stellar Black,6499.0,15,5544.99,,0,Non,Not a brand,Jumia
200,Decoratieve Telefoonparaplu  Anti-reflectie Voor Black,230.0,29,164.0,,0,Non,Not a brand,Jumia
201,"Samsung Galaxy A14 , 64 Gega GEGA RAM 4  (MADE IN EGYPT) , BLACK",5550.0,0,5550.0,,0,Non,Not a brand,Jumia
202,Car Mobile Phone Holder,175.0,0,175.0,,0,Non,Not a brand,Jumia
203,Aluminum Metal Alloy Universal Flexible Stand For Cell Phone &Tablet,119.0,0,119.0,,0,Non,Not a brand,Jumia
204,"Nokia C21 Plus 3GB Ram, 64GB - Warm Gray",4200.0,5,3999.0,,0,Non,Not a brand,Jumia
205,Pioneer 10cm 2-Way Coaxial Speakers (210W),1200.0,0,1200.0,,0,Non,Not a brand,Jumia
206,"OPPO A16, 6.52"", 64GB, 4GB RAM, 5000 MAh - Pearl Blue",8049.0,14,6899.0,,0,Non,Not a brand,Jumia
207,Nokia NEW 105 Dual Sim - Mobile Phone - Charcoal,999.0,10,899.0,,0,Non,Not a brand,Jumia
208,O Accessories Chain Mobile Phone Strap Of Colored Beads,69.0,0,69.0,,0,Non,Not a brand,Jumia
209,"Iku Mobile X4 64GB, 4GB RAM 6.39"" Inches - Ocean Teal",5749.0,16,4829.0,,0,Non,Not a brand,Jumia
210,Vivo Y36 - 8GB RAM - 128GB - Gold,10799.0,7,9999.0,,0,Non,Not a brand,Jumia
211,Vivo Y16 - 6.5 Inch - 64G/4G - Dual Sim 4G Mobile Phone - Drizzling Gold,5999.0,8,5545.0,,0,Non,Not a brand,Jumia
212,"OPPO A16K, 6.52"", 32GB, 3GB RAM, 4230 MAh - Blue",5174.0,7,4829.0,,0,Non,Not a brand,Jumia
213,Universal 360-degree Rotatable Magnetic Phone Ring Holder,170.0,30,119.0,,0,Non,Not a brand,Jumia
214,Baby Bedroom Musical Mobile Plays Crib  35 Tunes Hanging,447.0,23,344.0,,0,Non,Not a brand,Jumia
215,20pcs B5 Alphabet Letter Number Stencils Drawing Painting,1285.0,40,771.0,,0,Non,Not a brand,Jumia
216,A8 Car Magnetic Holder,170.0,30,119.0,,0,Non,Not a brand,Jumia
217,Universal Car Mobile Phone Holder Air Vent Mount Stand For Volkswagen VW Golf 4 6 7 GTI Tiguan Passat B5 B6 B7 Jetta MK5 Polo MEI,2040.0,43,1160.0,,0,Non,Not a brand,Jumia
218,Infinix Smart 6 - 6.6-inch 64GB/3GB Dual SIM Mobile Phone-Quetzal Cyan,4000.0,4,3850.0,,0,Non,Not a brand,Jumia
219,"realme C25Y  64GB, 4GB RAM, 4G LTE- Metal Gray",6094.0,8,5634.0,,0,Non,Not a brand,Jumia
220,"65W GaN USB C Wall Charger Power Adapter,2 Port PD 65W PPS QC 45W SCP for Laptops MacBook iPad iPhone Samsung Xiaomi",784.17,0,784.17,,0,Non,Not a brand,Jumia
221,Samsung Galaxy A54 - 6.4 Inches - 8GB Ram -128GB Internal Memory– 5G–Double  Lime,14999.0,0,14999.0,,0,Non,Not a brand,Jumia
222,Vivo Y35 Dual SIM Agate Black 8GB RAM 128GB,8800.0,3,8550.0,,0,Non,Not a brand,Jumia
223,XIAOMI Redmi 10C 4GB Ram 64GB Memory - Ocean Blue,7474.0,5,7129.0,3.0,2,Non,Not a brand,Jumia
224,Phone Stand Size Aluminum Alloy 360 Rotating For Home And Office Blue,163.0,23,125.0,,0,Non,Not a brand,Jumia
225,Itel It2160 - 1.77-inch Dual SIM Mobile Phone - Black,788.0,15,666.0,,0,Non,Not a brand,Jumia
226,"Samsung Galaxy A14 , 128 GEGA RAM 4  (MADE IN EGYPT) , BLACK",5950.0,0,5950.0,,0,Non,Not a brand,Jumia
227,Car Storage Mobile Net Pocket -,75.0,0,75.0,3.7,3,Non,Not a brand,Jumia
228,Recci Car Charger Journey (75W) RCC-N15,800.0,38,500.0,,0,official_store,recci,Jumia
229,Car Sunshade Anti-Reflective Phone Tablet Holder,1255.0,30,879.0,3.0,1,Non,Not a brand,Jumia
230,Nokia New 105 Dual Sim - Mobile Phone- Cyan +Free Mobile Holder,999.0,10,899.0,,0,Non,Not a brand,Jumia
231,"Vivo Y35 Dual SIM, 128GB, 8GB RAM, 4G LTE- Dawn Gold",10349.0,2,10119.0,,0,Non,Not a brand,Jumia
232,Itel It2160 Mobile Phone Dual SIM - Dark Blue,632.0,0,632.0,,0,Non,Not a brand,Jumia
233,"Vivo Y35 Dual SIM 128GB, 8GB RAM, 4G LTE, Dawn Gold",8390.0,0,8390.0,,0,Non,Not a brand,Jumia
234,XIAOMI Redmi 10A - 6.53 Inches 64GB/3GB Dual SIM 4G Mobile Phone – Sky Blue,6100.0,22,4770.0,,0,Non,Not a brand,Jumia
235,Car Food Tray Cup Holder Enjoy Your Meal Portable Premium Quality,2603.0,23,2002.0,,0,Non,Not a brand,Jumia
236,"Iku A12 Dual SIM, 64GB Memory, 4GB RAM - Atomic Gray",5174.0,11,4599.0,,0,Non,Not a brand,Jumia
237,"Iku X5 64GB, 4GB RAM, 4G, 5500mAh - Maroon Red",5289.0,4,5059.0,,0,Non,Not a brand,Jumia
238,"OPPO A96, 6.59"", 128GB, 8GB RAM, 5000 MAh - Sunset Blue",11039.0,4,10544.0,,0,Non,Not a brand,Jumia
239,Vivo Y73 - 6.44-inch 128GB/8GB Dual Sim 4G Mobile Phone - Roman Black,9999.0,10,8999.99,,0,Non,Not a brand,Jumia
240,"Universal   Aluminum Handlebar Phone Holder, Sturdy And Silver 01",945.0,33,630.0,,0,Non,Not a brand,Jumia
241,Bling Car Air Vent Mobile Phone Holder Women Diamond Crystal Phone Holder Stand in Car Bracket for iPhone 4-6inch Smartphone MEI,1680.0,43,960.0,,0,Non,Not a brand,Jumia
242,（US）220V To 12V Portable Car  Lighter Socket Adapter Converter Parts For EU/UK/US Electric Equipment,757.0,23,582.0,,0,Non,Not a brand,Jumia
243,"Car Cup Holder Phone Mount,Universal Auto Cell Phone Stand with Drink Expand Cup Holder,360° Rotation Compatible with All Mobile Phones and All Car",800.0,35,520.0,,0,Non,Not a brand,Jumia
244,Dual USB Car Charger Power Core- Direct Plug Or Remote Mount,230.0,48,120.0,,0,Non,Not a brand,Jumia
245,Audio Volume Control Knob Volume Adjuster,470.0,30,329.0,,0,Non,Not a brand,Jumia
246,(2m)4 Size Dependable Car Styling 12V 24V 10A Car Accessory,1017.0,20,810.0,,0,Non,Not a brand,Jumia
247,Car Dashboard Anti-skid Magic Sticky Silicone Pad,260.74,0,260.74,,0,Non,Not a brand,Jumia
248,Baseus Easy Control Clamp Phone Holder (Air Vent Clip) - Dark Gray,800.0,13,699.0,,0,Non,Not a brand,Jumia
249,Mini Cooling Fan  Bedroom Camper Portable Green,1014.0,23,780.0,,0,Non,Not a brand,Jumia
250,Invisible Phone Stand Aluminum Alloy Pocket Size For Home And Silver,182.0,16,152.0,,0,Non,Not a brand,Jumia
251,as description,64.68,49,33.18,,0,Non,Not a brand,Jumia
252,（black）New 5V 2A USB Male To 12V Car  Lighter Socket Converter Cable Adapter For DCar-charger Electronics Auto Accessories,676.0,23,520.0,,0,Non,Not a brand,Jumia
253,Fingertip Give A Like Remote  Long Distance Pink,130.0,17,108.0,,0,Non,Not a brand,Jumia
254,"Stand Katana Stand,Black  Katana Wall Mount Holder",176.0,33,147.0,,0,Non,Not a brand,Jumia
255,Upgrade Car Phone Holder Clips 17mm Ball Head Car Air Vent Clip Mount Car Air Outlet Hook Clamp for  Mobile Phone Support MEI,1680.0,43,960.0,,0,Non,Not a brand,Jumia
256,（white）USB Car Charger 3A Type C PD QC3.0 Fast Charging  Lighter Socket Adapter For IPhone 13 12 11 Pro Max 8 Xiaomi Samsung,676.0,23,520.0,,0,Non,Not a brand,Jumia
257,SP16 Car Speakerphone Loud In-Car 5.0 Mobile Accessories,1534.0,29,1096.0,,0,Non,Not a brand,Jumia
258,(110-Blue)4.2A Aluminum Dual USB Moto  Lighter Socket For,1031.0,20,820.0,,0,Non,Not a brand,Jumia
259,Bling Car Phone Holder With Crystal Rhinestone  4 Colorful,371.0,29,265.0,,0,Non,Not a brand,Jumia
260,Universal 7-11 Inch Car Seat Holder Bracket For Ipad Adjustable Car Seat Back Bracket Headrest Mount Stand Accessories MEI,1920.0,42,1120.0,,0,Non,Not a brand,Jumia
261,Baby Crib Mobile Decor Bed Bell Hairball Crib Hanging  Pink,509.0,17,424.0,,0,Non,Not a brand,Jumia
262,ic Phone Holder for Car Hands Free iPhone Car Holder Mount Dash Phone Mount for Car Fit for iPhone 14 13 12 Pro Max Plus MEI,3320.0,42,1920.0,,0,Non,Not a brand,Jumia
263,3-Piece Nylon Neck Crossbody Lanyard Adjustable Telephone Neck Strap,630.0,49,321.3,,0,Non,Not a brand,Jumia
264,"For IPhone 14 13 12 Charger Protective Case 18W 20W Silicone Cover Shell USB Cable Protector Data Cable Winder,Gray",181.86,47,96.18,,0,Non,Not a brand,Jumia
265,(Blue)DIN To USB Adapter Portable Angled Motorcycle DIN,838.0,20,670.0,,0,Non,Not a brand,Jumia
266,Central Control Cup Holder Car Bracket,827.0,30,579.0,,0,Non,Not a brand,Jumia
267,360 Degree Metal Finger Ring Smartphone Flowers Support Telephone Mobile Phone Holder Stand,1127.0,42,654.0,,0,Non,Not a brand,Jumia
268,Car Food Tray Cup Holder Stay Organized Multifunctional Dinner,2402.0,17,2002.0,,0,Non,Not a brand,Jumia
269,Mobile Phone One-Hand Operation Anti-Fall Straps Mobile,72.24,49,36.96,,0,Non,Not a brand,Jumia
270,Universal 10A Portable EC5 Car  Lighter Socket Adapter Connector For Car  Start Power Car Jump Starter,676.0,23,520.0,,0,Non,Not a brand,Jumia
271,Car Rearview Mirror Mobile Phone Holder,927.0,30,649.0,,0,Non,Not a brand,Jumia
272,Fashion Rabbit Fur Ball Decoration Keychain for Mobile Phone,53.76,50,26.88,,0,Non,Not a brand,Jumia
273,Universal Crystal Rhinestone Car Air Vent Mount Clip Cell Phone Holder for iPhone Samsung Auto Interior Decoration Accessories MEI,2040.0,43,1160.0,,0,Non,Not a brand,Jumia
274,"Silicon Dashboard Pad, Model H-BJ01, Blue",150.0,0,150.0,,0,Non,Not a brand,Jumia
275,(3USB Black)2.1A QC3.0 4 USB Car Charger 12-32V Car Adapter,838.0,20,670.0,,0,Non,Not a brand,Jumia
276,Lighter Waterproof Plug Universal For VW Jetta Passat AUDI A3 S3 Q3 Q3 A4 Q5 For SKODA For Octavia Superb For SEAT,676.0,23,520.0,,0,Non,Not a brand,Jumia
277,Baby Crib Mobile Ceiling Decoration Newborn Rattles Mobile,1631.0,29,1165.0,,0,Non,Not a brand,Jumia
278,Autodrive Auto Drive Dual USB Car Charger – Black 1Pcs,200.0,40,120.0,,0,Non,Not a brand,Jumia
279,(with 3 In 1 Cable)120W Auto Car Lighter Splitter,1100.0,20,880.0,,0,Non,Not a brand,Jumia
280,Car Phone Holder Mount With Crystal Rhinestone Car Air Vent Silver,358.0,28,256.0,,0,Non,Not a brand,Jumia
281,Stylish Sparkling Shiny Phone Holder With Crystal Rhinestone,281.0,17,234.0,,0,Non,Not a brand,Jumia
282,Water-Resistant Cycling   Handlebar Phone Holder Case,963.0,29,688.0,,0,Non,Not a brand,Jumia
283,Selfie Stick Tripod Desktop Stand For IPhone  Red,372.0,23,286.0,,0,Non,Not a brand,Jumia
284,Universal Bike Cell Phone Holder Stand Holder Rearview Mirror L,1206.0,23,928.0,,0,Non,Not a brand,Jumia
285,Mute Phone Shaker Rocker Cellphone  Phone Swing Steps Black,672.0,29,480.0,,0,Non,Not a brand,Jumia
286,Mobile Phone Stand Adjustable Pocket Size 360 Rotatable Bracket Silver,218.0,28,156.0,,0,Non,Not a brand,Jumia
287,Stylish Sparkling Shiny Phone Holder Bling Car Phone Holder Pink,277.0,17,231.0,,0,Non,Not a brand,Jumia
288,Fingertip Give A  Turner Remote 30ft Range Yellow,164.0,29,117.0,,0,Non,Not a brand,Jumia
289,1.3m Aluminum-magnesium Alloy Rotatable Lazy Bracket,2184.0,30,1529.0,,0,Non,Not a brand,Jumia
290,New Computers PC 2.5 Memory Storage SATA III SD 240GB,1007.0,33,671.0,,0,Non,Not a brand,Jumia
291,Astronaut Phone Holder Desktop Polyresin Cellphone Stand Standing A,683.0,29,488.0,,0,Non,Not a brand,Jumia
292,Fingertip Give A Like Remote  Long Distance Pink,130.0,17,108.0,,0,Non,Not a brand,Jumia
293,Car Anti Slip Mat Dashboard Parking Card Holds Phones,570.0,17,475.0,,0,Non,Not a brand,Jumia
294,Phone Stand 360 Degree Rotation Cellphone Mount Holder For Home Silver,242.0,33,161.0,,0,Non,Not a brand,Jumia
295,"USB Charging Phone Cooling Fan Cooler, Portable Mute Cellphone",287.0,23,221.0,,0,Non,Not a brand,Jumia
296,Mobile Phone Bracket Mount Adjustable Foldable,423.0,33,282.0,,0,Non,Not a brand,Jumia
297,Fashion Rabbit Fur Ball Decoration Keychain for Mobile Phone,53.76,50,26.88,,0,Non,Not a brand,Jumia
298,Car Food Tray Cup Holder Multifunctional Foldable Stay Organized,2846.0,29,2033.0,,0,Non,Not a brand,Jumia
299,Invisible Phone Stand Aluminum Alloy Pocket Size For Home And Blue,188.0,34,125.0,,0,Non,Not a brand,Jumia
300,Car Phone Holder Mount With Crystal Rhinestone Car Air Vent Silver,358.0,28,256.0,,0,Non,Not a brand,Jumia
301,Selfie Stick  Cell Stand Carry All For Samsung Black+Orange,429.0,33,286.0,,0,Non,Not a brand,Jumia
302,3-Piece Nylon Neck Crossbody Lanyard Universal Te,622.02,35,401.52,,0,Non,Not a brand,Jumia
303, Fashion Rabbit Fur Ball Cellphone Charm Bag Pendant Keychai,72.24,50,36.12,,0,Non,Not a brand,Jumia
304,Phone Mount Holder Double Clip Multifunction Rotatable Dual Phone Clip,505.0,29,361.0,,0,Non,Not a brand,Jumia
305,Smartphones Umbrella Stand Sun Shade Cover With Suction Cup Lake Blue,338.0,23,260.0,,0,Non,Not a brand,Jumia
306,Automatic Car Air Vent Mount Clip Holder Silver,302.0,17,252.0,,0,Non,Not a brand,Jumia
307,Water-Resistant Bicycle   Handlebar  Phone Holder Case,800.0,17,667.0,,0,Non,Not a brand,Jumia
308,5pcs Ic Aluminum  Sheet Disk Sticker Mobile  Stand Round,103.0,23,79.0,,0,Non,Not a brand,Jumia
309,Car Phone Holder Mount 360° Rotating For 4.7-6.5inch Size Phones,344.0,28,246.0,,0,Non,Not a brand,Jumia
310,Portable Foldable Swivel Phone  Stand Holder Kickstand Black,233.0,23,179.0,,0,Non,Not a brand,Jumia
311,"Suntekmall Small Umbrella Covers For, Phone Anti Refection Blue",217.0,29,155.0,,0,Non,Not a brand,Jumia
312,Universal Adjustable Automatic Phone Holder For 4.0-6.5 Inch Colorful,386.0,33,257.0,,0,Non,Not a brand,Jumia
313,Mute Phone Shaker Rocker Cellphone  Phone Swing Steps Black,604.0,17,503.0,,0,Non,Not a brand,Jumia
314,Phone Umbrella Stand Suction Cup Mount,1372.0,29,980.0,,0,Non,Not a brand,Jumia
315,Cute Mini Chair Phone Holder Decorative Angle Adjustable Novelty Pink,126.0,33,84.0,,0,Non,Not a brand,Jumia
316,Phone Umbrella Stand Suction Cup,1538.0,33,1025.0,,0,Non,Not a brand,Jumia
317,Phone Stand Holder Foldable Non Slip Extendable For  Silver,258.0,17,215.0,,0,Non,Not a brand,Jumia
318,Cell Phone Stand Holder Extendable Anti Slip   Phones Desktop Gray,275.0,17,229.0,,0,Non,Not a brand,Jumia
319,Multifunctional Car Anti Slip Mat Dashboard Universal For Keys Red,572.0,17,477.0,,0,Non,Not a brand,Jumia
320,Bike Handlebar Base,456.0,23,351.0,,0,Non,Not a brand,Jumia
321,Central Control Cup Holder Car Bracket,827.0,30,579.0,,0,Non,Not a brand,Jumia
322,2023 New Universal Sucker Car Phone Holder 360° Windshield Car Dashboard Mobile Cell Support Bracket for 4.0-6 Inch Smartphones MEI,1680.0,43,960.0,,0,Non,Not a brand,Jumia
323,4Pcs Smartphones Umbrella Stand Sun Shade Cover With Suction Cup Mount,1211.0,17,1009.0,,0,Non,Not a brand,Jumia
324,"Umbrella Covers For, Phone Sun Shade For Vehicle Toy Black",220.0,29,157.0,,0,Non,Not a brand,Jumia
325,Pioneer Car Speakers 166cm 280W Dual Channel TS-G1610F,1200.0,0,1200.0,,0,Non,Not a brand,Jumia
326,Car Dashboard Mobile Phone Holder Bracket,670.0,30,469.0,,0,Non,Not a brand,Jumia
327,Baseus Tungsten Gold Fast Charging Data Cable Type-C to iP PD 20W 1m Black,215.0,16,181.12,,0,Non,Not a brand,Jumia
328,2Pcs Baby Crib Mobile Wind  Bed Bell   Room Nursery Decor,1736.0,29,1240.0,,0,Non,Not a brand,Jumia
329,Cute Crib Mobiles Decor Stroller Hanging Toy For Pram Stroller Pink,1459.0,23,1122.0,,0,Non,Not a brand,Jumia
330,"Cat Shape Mobile Phone Holder, Finger Holder With Suction Cup, Coffee",53.0,17,44.0,,0,Non,Not a brand,Jumia
331,360 Degree Car Rearview Mirror Bracket,155.0,0,155.0,,0,Non,Not a brand,Jumia
332,ic Metal Plate Sticker Rings for Magsafe Wireless Charger  Car Mobile Phone Holder Iron Sheet for IPhone 13 12 11 MEI,1680.0,43,960.0,,0,Non,Not a brand,Jumia
333,Itel A60S – 4GB RAM – 128GB ROM,6800.0,46,3699.0,,0,Non,Not a brand,Jumia
334,"Redmi Xiaomi Redmi A2+ , 64 GEGA RAM 3 ,  BLACK",3990.0,0,3990.0,,0,Non,Not a brand,Jumia
335,5PCS Universal Car ic Phone Holder Metal  Plate Ring Magsafe Wireless Charger Iron Sheet Sticker Auto Accessories MEI,1680.0,43,960.0,,0,Non,Not a brand,Jumia
336,realme C53 6-128 Dorado,8639.0,7,7999.0,,0,Non,Not a brand,Jumia
337,HKGK Tablet Car Holder Stand For iPad Air 1 2 Mini 2 3 4 Pro 9.7 10.5 Universal Windshield Mount For 7 to 12.9 Inch Samsung Tab MEI,2000.0,42,1160.0,,0,Non,Not a brand,Jumia
338,8 Inch Car Subwoofer Loudspeaker Protective Cover,355.0,30,249.0,,0,Non,Not a brand,Jumia
339,(Blue With Wire)3.1A Dual USB Car  Charger Socket,838.0,20,670.0,,0,Non,Not a brand,Jumia
340,MM002 Car Silicone Rotary Mobile Phone Holder,1298.0,30,909.0,,0,Non,Not a brand,Jumia
341,"For IPhone 14 13 12 Charger Protective Case 18W 20W Silicone Cover Shell USB Cable Protector Data Cable Winder,Black",164.64,47,86.94,,0,Non,Not a brand,Jumia
342,Car Food Table Cup Holders Adjustable Support Frame For Most Car,2891.0,29,2065.0,,0,Non,Not a brand,Jumia
343,Cute Baby Hanging Rattles Toy Interactive For Pushchair 0-6-12 Orange,478.0,17,398.0,,0,Non,Not a brand,Jumia
344,"Hot-selling new adjustable diagonal strap net red fashion mobile phone lanyard hanging neck safety anti-lost old man fixed card Please contact for customized colors Rope plus card, not with shell",294.0,46,160.0,,0,Non,Not a brand,Jumia
345,2 PCS Car Mobile Phone Holder,855.0,30,599.0,,0,Non,Not a brand,Jumia
346,(black)Car Charger 2 USB DC / 5V 3.1A Cup Power Socket,1031.0,20,820.0,,0,Non,Not a brand,Jumia
347,Universal Folding Mount Holder Foldable Stand  For Desk Silver,135.0,23,104.0,,0,Non,Not a brand,Jumia
348,JR-ZS283 Car Bending Rod Holder,1112.0,30,779.0,,0,Non,Not a brand,Jumia
349,Selfie Stick 4.0 For Cell Phone For Android Black,546.0,23,420.0,,0,Non,Not a brand,Jumia
350,"Iku A6 2022, 32GB, 1GB RAM, 5.5"" Inches, 2000mAh - Slate Grey",3794.0,15,3219.0,,0,Non,Not a brand,Jumia
351,"Nathome Mobile Phone Cooler, Tablet Cooler, For Playing Mobile Phones, Games, Videos",490.56,0,490.56,,0,Non,Not a brand,Jumia
352,"Nokia Phone 105, General Release (2023), With A 1.8-inch Screen, Black Color, 4 MB Memory, And Supports 2G Technology",699.0,14,599.0,,0,Non,Not a brand,Jumia
353,Nokia 106 2023 Dual SIM – Emerald Green,2500.0,64,899.0,,0,Non,Not a brand,Jumia
354,12 Inch Curved Mobile Phone Screen Amplifier HD,795.0,44,442.0,,0,Non,Not a brand,Jumia
355,Car Styling Power Inverter Vehicle 1500W DC12V To AC220V,3245.0,0,3245.0,,0,Non,Not a brand,Jumia
356,Car Phone Holder Invisible Foldable ic Bracket Fit MG4 ZS BYD Atto 3 Song Tang Dolphin Han Tiggo 7 Haval Tesla Model 3YXS MEI,2360.0,42,1360.0,,0,Non,Not a brand,Jumia
357,Car 12V  Lighter Accessories For Passat B5 B6 Golf 4 MK4 5 MK5 Polo Eos Tiguan Caddy A3 Q3 Seat Leon Toledo,676.0,23,520.0,,0,Non,Not a brand,Jumia
358,"Iku Mobile X4 64GB, 4GB RAM  6.39"" Inches  - Pacific Teal",5749.0,16,4829.0,,0,Non,Not a brand,Jumia
359,"Samsung Galaxy A03s, 4GB RAM, 64GB, 6.5 Inches - Blue",7704.0,15,6554.0,,0,Non,Not a brand,Jumia
360,Lighter +Cable Plug Harness For Q3 A3 S3 Seat Toledo Leon VW Passat Golf Tiguan Campob Citigo Octavia 1J0919307,676.0,23,520.0,,0,Non,Not a brand,Jumia
361,Multifunction Car Phone Mount Cell Phone Holder Lightness Portability No Space Occupy Stand Auto Interior Accessories MEI,1680.0,43,960.0,,0,Non,Not a brand,Jumia
362,(Red With 3 In 1)2019 New Arrive  Lighter Socket Splitter,838.0,20,670.0,,0,Non,Not a brand,Jumia
363,12Pcs Phone Wallet DIY Leather Sublimation Ph,1519.14,35,980.28,,0,Non,Not a brand,Jumia
364,Truck Suction Cup Mobile Phone Holder,1427.0,30,999.0,,0,Non,Not a brand,Jumia
365,For Tesla Model 3 / Y Car Monitor Rotation Mount,5970.0,30,4179.0,,0,Non,Not a brand,Jumia
366,Bling Car Phone Holder Car Air Vent Mount Phone Holder For Colorful,299.0,17,249.0,,0,Non,Not a brand,Jumia
367,Baby Crib Mobile Bed Bell Toy Hanging Toy Montessori For Children,1228.0,17,1023.0,,0,Non,Not a brand,Jumia
368,Phone Mount Holder Double Clip Multifunction Phone Tablet Clip,481.0,17,401.0,,0,Non,Not a brand,Jumia
369,Phone Holder for Car Truck Drivers Universal Upgraded Handsfree Stand Dash Windshield Air Vent Mobile Phone Mount Stand MEI,1680.0,43,960.0,,0,Non,Not a brand,Jumia
370,Decoratieve Telefoonparaplu  Anti-reflectie Voor Blue,213.0,23,164.0,,0,Non,Not a brand,Jumia
371,Montessori Nursery Crib Mobile Newborn Rattles Mobile Nursery,1784.0,33,1189.0,,0,Non,Not a brand,Jumia
372,(White With Wire)3.1A Dual USB Car  Charger Socket,838.0,20,670.0,,0,Non,Not a brand,Jumia
373,Automotive Phone Holder Mount For 4.7-6.5inch Size Phones Navigation,287.0,17,239.0,,0,Non,Not a brand,Jumia
374,"4-Port 85W GaN USB C Fast Charger, PD 65W PPS 45W 20W QC3.0 Power Adapter Supply For MacBook Laptop iPhone Xiaomi Samsung",909.32,0,909.32,,0,Non,Not a brand,Jumia
375,Car Rear Mirror Phone Holder,555.0,30,389.0,,0,Non,Not a brand,Jumia
376,Convenient Car Phone Holder Bling Phone Bracket Golden,272.0,29,194.0,,0,Non,Not a brand,Jumia
377,(Eu 500ma)12V DC Car Power Adapter Car  Lighter 220V AC To,838.0,20,670.0,,0,Non,Not a brand,Jumia
378,3PCS Q10 Car Magnetic Suction Mini Phone Holder,312.0,30,219.0,,0,Non,Not a brand,Jumia
379,Car Cup Holder Tray Dining Table For Most Car Dining Extendable Base,2803.0,29,2002.0,,0,Non,Not a brand,Jumia
380,Car Anti Slip Mat Dashboard Parking Card Holds Phones,702.0,33,468.0,,0,Non,Not a brand,Jumia
381,Baby Crib Mobile Hanging Rotating Toy For Newborn,1318.0,17,1098.0,,0,Non,Not a brand,Jumia
382,（20W Single TYPE C）Extractme Car Charger Type C PD 30W USB Fast Charging Mobile Phone Car Adapter For IPhone 13 12 11 Huawei Xiaomi Car,771.0,23,593.0,,0,Non,Not a brand,Jumia
383,Multifunction Car Phone Mount Cell Phone Holder Lightness Portability No Space Occupy Stand Auto Interior Accessories MEI,1680.0,43,960.0,,0,Non,Not a brand,Jumia
384,Motorcycle Bike Elastic Silicone Phone Holder X Web Grip Phone Mount Band Elastic Rubber Cycling Navigation Phone Fixed Strap MEI,1680.0,43,960.0,,0,Non,Not a brand,Jumia
385,（type 2）USB Car Charger With LED Light 3A QC3.0 4USB Ports Fast Charger For IPhone 11 Xiaomi Huawei Universal Mobile Phone Charger Adapt,676.0,23,520.0,,0,Non,Not a brand,Jumia
386,Universal Tablet Car Holder for Phone Ipad 7 8 9 10 11 Inch Tablet Pc Stand for Samsung XiaoMi Phone Bracket MEI,1680.0,43,960.0,,0,Non,Not a brand,Jumia
387,822754 Universal 12V Car  Lighter Housing Cig Socket For Peugeot CC SW 206 308 406 607 1007,676.0,23,520.0,,0,Non,Not a brand,Jumia
388,(Green Add Wire)Dual USB Charger Socket 5V/4.2A USB Car,838.0,20,670.0,,0,Non,Not a brand,Jumia
389,Stylish Sparkling Shiny Phone Holder Bling Car Phone Holder Golden,252.0,23,194.0,,0,Non,Not a brand,Jumia
390,（black）USB Car Charger 3A Type C PD QC3.0 Fast Charging  Lighter Socket Adapter For IPhone 13 12 11 Pro Max 8 Xiaomi Samsung,676.0,23,520.0,,0,Non,Not a brand,Jumia
391,(black)High Quality Universal Car 12V Bluetooth Module,948.0,21,750.0,,0,Non,Not a brand,Jumia
392,Aluminum  Cell Phone Mount Universal  Anti Falling Silver,717.0,29,512.0,,0,Non,Not a brand,Jumia
393,(Green)Lighter Socket Waterproof 12V Power Plug Outlet,838.0,20,670.0,,0,Non,Not a brand,Jumia
394,（1）50W 4.8A Car Chargers 4 Ports Fast Charging For Samsung Huawei Xiaomi Iphone USB Car-charger Adapter автомобильная зарядка,676.0,23,520.0,,0,Non,Not a brand,Jumia
395,Auto Car  Lighter Power Socket Outlet 12V Fit For Toyota / Honda / Audi / Mercedes / Fiat,676.0,23,520.0,,0,Non,Not a brand,Jumia
396,（Black）3.1A Car Charger For  Lighter USB Charger Voltage Display Adapter Fast Charging For Xiaomi IPhone Samsung Huawei,676.0,23,520.0,,0,Non,Not a brand,Jumia
397,（US）220V To 12V EU USA AC/DC  Lighter Car  Lighter Adapter Conversion Plug Auto Accessories TSLM1,676.0,23,520.0,,0,Non,Not a brand,Jumia
398,Car Rearview Mirror Mobile Phone Holder,927.0,30,649.0,,0,Non,Not a brand,Jumia
399,Car Phone Mount Gravity Air Vent Clip Cradle Stand Silver Without Line,220.0,17,183.0,,0,Non,Not a brand,Jumia
400,Cell Phone Stand Holder Foldable Aluminum Alloy For Desktop Silver,301.0,29,215.0,,0,Non,Not a brand,Jumia
401,（Red）Car  Lighter Socket 12V-24V Waterproof Plug Power Outlet Adapter For Marine Boat Motorcycle Truck RV ATV With Wire D5,676.0,23,520.0,,0,Non,Not a brand,Jumia
402,(red)Universal 12V Car  Lighter Assembly Socket Power,990.0,20,790.0,,0,Non,Not a brand,Jumia
403,(Type-2 Blue)4 In 1 LED Digital 12V  Lighter Socket USB,935.0,21,740.0,,0,Non,Not a brand,Jumia
404,(4Pcs Red Light)4pcs/lot 12V Car  Lighter Socket Auto Boat,990.0,20,790.0,,0,Non,Not a brand,Jumia
405,1PC New 12V Waterproof Car  Lighter Socket Plug Power Outlet Parts For Car Truck Motorcycle Accessories,676.0,23,520.0,,0,Non,Not a brand,Jumia
406,Complete 12V 120W  Lighter Power Plug Socket Outlet Assembly For Auto-Car-Truck  Lighter Plug Assembly,676.0,23,520.0,,0,Non,Not a brand,Jumia
407,(type 2 Red)Car  Lighter Sockets Dual USB Motorcycle,948.0,21,750.0,,0,Non,Not a brand,Jumia
408,(QC3.0 Black)QC3.0+ 2.4A Dual USB Ports Car  Lighter,1113.0,20,890.0,,0,Non,Not a brand,Jumia
409,(4.2A Green)Lighter Socket Car USB 12V-24V  Powerful,838.0,20,670.0,,0,Non,Not a brand,Jumia
410,(Black-Green LED)4.2A Aluminum Dual USB Moto  Lighter,1058.0,21,840.0,,0,Non,Not a brand,Jumia
411,(Blue)12V-24V Car  Lighter Socket Motorcycle Car Auto Boat,838.0,20,670.0,,0,Non,Not a brand,Jumia
412,(196-Red)Portable DIN To USB Outlet DIN Socket USB Splitter,1210.0,21,960.0,,0,Non,Not a brand,Jumia
413,(Red)Lighter Socket Waterproof 12V Power Plug Outlet,838.0,20,670.0,,0,Non,Not a brand,Jumia
414,(Red Add Cable)Waterproof 12V-24V Mini Micro Dual USB Plug,948.0,21,750.0,,0,Non,Not a brand,Jumia
415,(Yellow)Car Dual Usb Car  Lighter 5V 3.1A Power Socket Fast,838.0,20,670.0,,0,Non,Not a brand,Jumia
416,(Red With 2 In 1)2019 New Arrive  Lighter Socket Splitter,838.0,20,670.0,,0,Non,Not a brand,Jumia
417,(Type 1 Blue)DC 12-24V 4.2A Dual USB Motorcycle  Lighter,948.0,21,750.0,,0,Non,Not a brand,Jumia
418,(DS1211)12V Dual USB Car  Lighter Socket Splitter 12V,990.0,20,790.0,,0,Non,Not a brand,Jumia
419,(Red)Car  Lighter Socket 12V-24V Waterproof Plug Power,838.0,20,670.0,,0,Non,Not a brand,Jumia
420,(With Lighter-B)12 Volt Car Backlight Adapter Watch,1072.0,21,850.0,,0,Non,Not a brand,Jumia
421,(Type 1 Blue)DC 12-24V 4.2A Dual USB Motorcycle  Lighter,948.0,21,750.0,,0,Non,Not a brand,Jumia
422,(Only Wire)Car  Lighter Socket Waterproof 12V-24V Auto Boat,838.0,20,670.0,,0,Non,Not a brand,Jumia
423,(Orange)Motorcycle Car  Lighter In Car Outlet Plug Boat,838.0,20,670.0,,0,Non,Not a brand,Jumia
424,12V-24V Car  Lighter Power Connection Ful Convenient Stable Secure Et Socket Adaptor Male Plug Power Adapter,676.0,23,520.0,,0,Non,Not a brand,Jumia
425,(4.2A Green)Lighter Socket Car USB 12V-24V  Powerful,838.0,20,670.0,,0,Non,Not a brand,Jumia
426,(Blue Add Wire)Lighter Socket Waterproof 12V Power Plug,838.0,20,670.0,,0,Non,Not a brand,Jumia
427,(Blue)12V-24V Car  Lighter Waterproof Plug Socket Suitable,838.0,20,670.0,,0,Non,Not a brand,Jumia
428,(Red Set)Lighter Socket 12V Splitter With Rocker Toggle,838.0,20,670.0,,0,Non,Not a brand,Jumia
429,(Blue 2 1A)Universal Portable Dual USB LED Digital Display,838.0,20,670.0,,0,Non,Not a brand,Jumia
430,(4.2A Blue)Lighter Socket Car USB 12V-24V  Powerful,838.0,20,670.0,,0,Non,Not a brand,Jumia
431,(black)12V Car  Lighter Socket Splitter Plug Dual USB,838.0,20,670.0,,0,Non,Not a brand,Jumia
432,(102)Portable DIN To USB Outlet DIN Socket USB Splitter For,1210.0,21,960.0,,0,Non,Not a brand,Jumia
433,(200CM)2019 New 12V 24V 10A Car Accessory Lighter,1072.0,21,850.0,,0,Non,Not a brand,Jumia
434,(Orange With Cable)12V-24V Car  Lighter Socket Motorcycle,838.0,20,670.0,,0,Non,Not a brand,Jumia
435,(4Pcs Red Light)4pcs/lot 12V Car  Lighter Socket Auto Boat,990.0,20,790.0,,0,Non,Not a brand,Jumia
436,(as Pic)Hot Sale Converter Adapter Wired Socket,1017.0,20,810.0,,0,Non,Not a brand,Jumia
437,(Orange With Wire)Car  Lighter Socket 12V-24V Waterproof,838.0,20,670.0,,0,Non,Not a brand,Jumia
438,(Type-2 Red)4 In 1 LED Digital 12V  Lighter Socket USB,838.0,20,670.0,,0,Non,Not a brand,Jumia
439,(No Switch-G)Waterproof Panel Type C PD Socket Adapter,1100.0,20,880.0,,0,Non,Not a brand,Jumia
440,(Rectangle No -G)12 Volt Car Backlight Adapter Watch,1058.0,21,840.0,,0,Non,Not a brand,Jumia
441,"Car Seat Storage Box With Cable Car USB Charger, Style:3-wire",1899.0,33,1279.0,4.1,14,Non,Not a brand,Jumia
442,(EU Plug)Car Parts 220V To 12V Socket Adapter,838.0,20,670.0,,0,Non,Not a brand,Jumia
443,（black）Car Clock Ornaments Auto Watch Air Vents Outlet Clip Decoration Auto Dashboard Time Display Clock In Car Accessories,676.0,23,520.0,,0,Non,Not a brand,Jumia
444,Phone Arm Band Gym Phone Holder Phone Arm Case Running Band for Running Riding Walking Hiking Arm Bag Cellphone Pouch,450.0,40,270.0,,0,Non,Not a brand,Jumia
445,Shower Phone Holder Waterproof Anti Mirror/Wall Bathtub Black Rotate,837.0,23,644.0,,0,Non,Not a brand,Jumia
446,Car back seat mount Phone stand Multifunctional Lazy bracket for iphone huawei xiaomi 4-6 inch mobile phone Car Seat Hook Hanger MEI,1680.0,43,960.0,,0,Non,Not a brand,Jumia
447,CD Pattern Metal Mobile Phone Ring Holder,198.0,30,139.0,,0,Non,Not a brand,Jumia
448,Universal Car Phone Holder Mount Hands Free Vehicle Black Air Vent,281.0,33,187.0,,0,Non,Not a brand,Jumia
449,(Red)Car  Lighter Socket 12V-24V Waterproof Plug Power,838.0,20,670.0,,0,Non,Not a brand,Jumia
450,(Blue Set)Lighter Socket 12V Splitter With Rocker Toggle,838.0,20,670.0,,0,Non,Not a brand,Jumia
451,（5 Ports）QC3.0 15A 5 Ports USB Car Charger Auto Car Fast Charging Car Adapter Socket For Xiaomi Redmi Huawei Vehicle Electronics,676.0,23,520.0,,0,Non,Not a brand,Jumia
452,"Infinix Smart 7,  64GB 4GB RAM,   POLAR BLACK",4130.0,0,4130.0,,0,Non,Not a brand,Jumia
453,Stylish Sparkling Shiny Phone Holder With Crystal Rhinestone,281.0,17,234.0,,0,Non,Not a brand,Jumia
454,ACME CH05 Car Charger/Home Charger Kit,215.0,0,215.0,5.0,2,Non,Not a brand,Jumia
455,Smart Sensor Car Wireless Charger With Mobile Holder,499.0,50,249.0,2.0,1,Non,Not a brand,Jumia
456,Selfie Stick Tripod Desktop Stand For IPhone  Red,372.0,23,286.0,,0,Non,Not a brand,Jumia
457,Mountain Bicycle Phone Holder Motorcycle Cellphone Handlebar Mount Cradle Adjustable 360°,2298.0,42,1333.0,,0,Non,Not a brand,Jumia
458,ic Car Phone Holder For BMW E30 E36 E39 E46 E60 E70 E87 E90 E92 E71 F10 F30 F20 F01 F02 X1 X2 X3 X4 X5 X6 X7 M Performance MEI,1960.0,43,1120.0,,0,Non,Not a brand,Jumia
459,Universal Bike Cell Phone Holder Stand Holder Rearview Mirror L,1206.0,23,928.0,,0,Non,Not a brand,Jumia
460,（black）-Lighter Assembly Car -Lighter Bezel Set 98AG15052AB 98AG15052AC For Ford Focus Fusion Mondeo/GE/CA2 S-MAX/CA1,789.0,23,607.0,,0,Non,Not a brand,Jumia
461,Retractable Car Backrest Mobile Phones / Tablets Holder,1055.0,30,739.0,5.0,1,Non,Not a brand,Jumia
462,Mobile Phone Stand Adjustable Pocket Size 360 Rotatable Bracket Silver,218.0,28,156.0,,0,Non,Not a brand,Jumia
463,Car back seat mount Phone stand Multifunctional Lazy bracket for iphone huawei xiaomi 4-6 inch mobile phone Car Seat Hook Hanger MEI,1680.0,43,960.0,,0,Non,Not a brand,Jumia
464,Car Cup Holder Phone Mount Extendable Base Phone Holder,1512.0,30,1059.0,,0,Non,Not a brand,Jumia
465,Bottle Opener Finger Ring Phone Bracket,286.0,44,159.0,,0,Non,Not a brand,Jumia
466,Metal Plate  Mobile Stand Universal Replacement Metal Plate Kit With Adhesive For Xiaomi ic Car Mount Phone Holder MEI,1680.0,43,960.0,,0,Non,Not a brand,Jumia
467,Upgrade Speciled Car Phone Holder Base Clips 17mm Ball Head Car Air Vent Clip Mount Clamp For Kia Sportage Rio Picanto K3 K5 KX3 MEI,1680.0,43,960.0,,0,Non,Not a brand,Jumia
468,Wooden Bed Bell Holder Accessories Ornaments For Bedroom Mobile Round,1678.0,23,1291.0,,0,Non,Not a brand,Jumia
469,Motorcycle Bike 4-6.5 Inches Phone Holder 360 Rotatable Handlebar Rearview Mirror Bicycle Phone Stand Bracket For IPhone Xiaomi MEI,1680.0,43,960.0,,0,Non,Not a brand,Jumia
470,"For 13 12 Charger Case 18W 20W Silicone Cable Winder,Pink",169.68,50,84.84,,0,Non,Not a brand,Jumia
471,MHT736 No Light Retro TV Shape Phone Stand,1186.0,44,659.0,,0,Non,Not a brand,Jumia
472,Spring Doll,98.0,34,65.0,,0,Non,Not a brand,Jumia
473,Stylish Sparkling Shiny Phone Holder Bling Car Phone Holder Pink,277.0,17,231.0,,0,Non,Not a brand,Jumia
474,Rear Wiper Arm Cap Windshield Wiper Arm For GMC Yukon,327.0,30,229.0,,0,Non,Not a brand,Jumia
475,Fingertip Give A  Turner Remote 30ft Range Yellow,164.0,29,117.0,,0,Non,Not a brand,Jumia
476,（US）220V To 12V Portable Car  Lighter Socket Adapter Converter Parts For EU/UK/US Electric Equipment,757.0,23,582.0,,0,Non,Not a brand,Jumia
477,General HAMA Car Charger - USB-C - Power Delivery - PD - Qualcomm + USE-A - 30W - Black HAMA210589,550.0,0,550.0,,0,Non,Not a brand,Jumia
478,"Smartphone Umbrella, Suction Cup Sunshade, Anti-Reflective Block Pink",377.0,33,251.0,,0,Non,Not a brand,Jumia
479,(Green Add Wire)12V/24V Waterproof Dual USB Ports Car,838.0,20,670.0,,0,Non,Not a brand,Jumia
480,Power Hawaiian Hula Doll Dancer Girl Figure Science Toy,258.0,29,184.0,,0,Non,Not a brand,Jumia
481,Honor X8A - 6.7-inch 8GB/128GB Dual Sim 4G Mobile Phone - Titanium Silver,11999.0,16,10099.99,,0,Non,Not a brand,Jumia
482,realme C25Y - 6.5-inch 64GB/4GB Dual SIM Mobile Phone -Metal Grey,5600.0,9,5099.0,,0,Non,Not a brand,Jumia
483,Folding Mount Holder Aluminum Alloy Foldable Stand Shelf,272.0,33,181.0,,0,Non,Not a brand,Jumia
484,Nokia C1 2EDATION - 5.45 -Inch 16GB/1GB - TA-1380 - Dual SIM Mobile Phone - Purple,2999.0,43,1699.99,1.0,3,Non,Not a brand,Jumia
485,"OPPO Reno 8T 6.43 Inches, - 256GB/8GB - Sunset Orange",14444.0,20,11499.0,,0,Non,Not a brand,Jumia
486,"Infinix Smart 6 Plus 64GB/3GB(Up To 6GB) Ram Dual Sim 4G, 5000 MAh - Miracle Black",5289.0,13,4599.0,,0,Non,Not a brand,Jumia
487,Honor X7A - 6.75-inch 4GB/128GB Dual Sim 4G Mobile Phone - Midnight Black,9999.0,29,7099.99,,0,Non,Not a brand,Jumia
488,Nokia C10 2GB Ram 32GB Memory - Gray,4599.0,30,3219.0,,0,Non,Not a brand,Jumia
489,"Iku S1 Mini, 1.8 Inches Display - 600 MAh Battery-Blue",550.0,4,530.0,3.0,1,Non,Not a brand,Jumia
490,Apple Iphone 13 With Facetime/128GB/Blue,34900.0,11,30990.0,,0,Non,Not a brand,Jumia
491,"Nokia C21 Plus 3GB Ram, 64GB - Dark Cyan",5749.0,16,4829.0,4.0,1,Non,Not a brand,Jumia
492,Samsung Galaxy A34 - 6.6 Inches - 8GB Ram - 128GB Internal Memory – 5G – Double Sim Mobile - Awesome Graphite,12120.0,8,11100.0,,0,Non,Not a brand,Jumia
493,Nokia C10 2GB Ram 32GB Memory - Light Purple,4599.0,30,3219.0,,0,Non,Not a brand,Jumia
494,"Iku A6 2022, 32GB, 1GB RAM, 5.5"" Inches, 2000mAh - Gold",3794.0,15,3219.0,,0,Non,Not a brand,Jumia
495,Itel It2160 - 1.77-inch Dual SIM Mobile Phone - Black + Free Mobile Holder,750.0,20,599.0,4.0,12,Non,Not a brand,Jumia
496,Nokia C1 2nd Edition 1GB Ram 16GB Memory - Purple,3104.0,22,2414.0,,0,Non,Not a brand,Jumia
497,realme Realme C55 - 256GB/8GB - 6.72 Inch - Rainy Night,8888.0,7,8299.0,,0,Non,Not a brand,Jumia
498,Nokia 106 Series 30  Mobile Phone - Grey + Zigour Bag Special,1060.0,0,1060.0,,0,Non,Not a brand,Jumia
499,"Iku S1 Mini, 1.8 Inches Display - 600 MAh Battery-Brown",644.0,12,566.0,,0,Non,Not a brand,Jumia
500,（black）12V Car Socket 120W Motorcycle Car Boat Waterproof  Lighter Power Socket Plug Outlet For DC12V Tractor Accessory Black,676.0,23,520.0,,0,Non,Not a brand,Jumia
501,(Red With Cable)12V-24V Car  Lighter Socket Motorcycle Car,838.0,20,670.0,,0,Non,Not a brand,Jumia
502,2pcs Auto Car 12V Power Socket Lighter  Outlet Cover Cap,676.0,23,520.0,,0,Non,Not a brand,Jumia
503,(only Cable)12V Car  Lighter Socket Waterproof Auto Boat,838.0,20,670.0,,0,Non,Not a brand,Jumia
504,(UK Plug)220V To 12V Lighter Socket Adapter,838.0,20,670.0,,0,Non,Not a brand,Jumia
505,(Orange Add Wire)Lighter Socket Waterproof 12V Power Plug,838.0,20,670.0,,0,Non,Not a brand,Jumia
506,(Without Lighter-G)12 Volt Car Backlight Adapter,1072.0,21,850.0,,0,Non,Not a brand,Jumia
507,（type B）2 USB Port 3 Way Car  Lighter Socket Splitter DC 12~24V  Lighter Socket Black For Bmw Peugeot,676.0,23,520.0,,0,Non,Not a brand,Jumia
508,(Package B)Universal Motorcycle Car  Lighter Cover Metal,676.0,23,520.0,,0,Non,Not a brand,Jumia
509,（5m）Dependable Car Styling 12V 10A Car Accessory  Lighter Socket Extension Cord Cable 1m 2m 5m #30,755.0,23,581.0,,0,Non,Not a brand,Jumia
510,2021 New Universal Auto Car 21mm 22mm 12V Power Socket Lighter  Outlet Cover Cap,676.0,23,520.0,,0,Non,Not a brand,Jumia
511,12V/24V 3A  Male  Lighter Socket Converter Plug Car Accessory,676.0,23,520.0,,0,Non,Not a brand,Jumia
512,(Red Led With Cable)Black Color 12V 120W Motorcycle Car,838.0,20,670.0,,0,Non,Not a brand,Jumia
513,(green)Car  Lighter Socket 12V Waterproof Auto Boat,838.0,20,670.0,,0,Non,Not a brand,Jumia
514,(Red)Car  Lighter PD 3.0 Quick Chargers Socket Adapter Dual,990.0,20,790.0,,0,Non,Not a brand,Jumia
515,(Red)Aluminum Car  Lighter On FIRE MISSILE EJECT PANIC On,838.0,20,670.0,,0,Non,Not a brand,Jumia
516,(Rectangle Style-R)12 Volt Car Backlight Adapter Watch,1058.0,21,840.0,,0,Non,Not a brand,Jumia
517,（Silver）2 Port USB Car Charger Quick Charge Adapter  Lighter For IPhone Huawei Samsung Xiaomi Fast Car USB Charger,676.0,23,520.0,,0,Non,Not a brand,Jumia
518,（White） Lighter Socket Waterproof 12V Power Plug Outlet Receptacle For Car Marine Motorcycle ATV RV Socket Power Outlet,676.0,23,520.0,,0,Non,Not a brand,Jumia
519,(300CM)2019 New 1m 2m 5m Lighter Power Extension Cable,948.0,21,750.0,,0,Non,Not a brand,Jumia
520,（Only Line）12V 24V Car  Lighter Socket Base Waterproof Plug Power Outlet Adapter For Car Boat Motorcycle Truck RV ATV,676.0,23,520.0,,0,Non,Not a brand,Jumia
521,Mobile Phone Bracket Mount Adjustable Foldable,423.0,33,282.0,,0,Non,Not a brand,Jumia
522,Car Rearview Mirror Mobile Phone Holder,927.0,30,649.0,,0,Non,Not a brand,Jumia
523,Fashion Rabbit Fur Ball Decoration Keychain for Mobile Phone,53.76,50,26.88,,0,Non,Not a brand,Jumia
524,2pc Matte black ic sheet 35*45mm square 45*65mm 40mm diameter round shape adhesive metal plate for car  phone holder MEI,1680.0,43,960.0,,0,Non,Not a brand,Jumia
525,2 in 1 Foldable Car Vehicle Folding Stepping Ladder car Doorstep for Haval Jolion H6 M6 H9 H7 F7X H2 F5 h8 dargo MEI,1680.0,43,960.0,,0,Non,Not a brand,Jumia
526,Upgrade Car Phone Holder Clips 17mm Ball Head Car Air Vent Clip Mount Car Air Outlet Hook Clamp for  Mobile Phone Support MEI,1680.0,43,960.0,,0,Non,Not a brand,Jumia
527,Car back seat mount Phone stand Multifunctional Lazy bracket for iphone huawei xiaomi 4-6 inch mobile phone Car Seat Hook Hanger MEI,1680.0,43,960.0,,0,Non,Not a brand,Jumia
528,915 Generation For IPhone 14 13 12 Charger Protective Case 18W 20W,159.6,47,84.0,,0,Non,Not a brand,Jumia
529,Car Food Tray Cup Holder Multifunctional Foldable Stay Organized,2846.0,29,2033.0,,0,Non,Not a brand,Jumia
530,"Silicon Dashboard Pad, Model H-BJ01, Blue",150.0,0,150.0,,0,Non,Not a brand,Jumia
531,Black  Mounts Hangers Wood Hanger,1173.0,33,782.0,,0,Non,Not a brand,Jumia
532,Baby Crib Mobile Ceiling Decoration Newborn Rattles Mobile,1631.0,29,1165.0,,0,Non,Not a brand,Jumia
533,915 Generation 3D Glitter Crystal Rhinestone Hard Case Cover for iPhone6,179.76,47,94.5,,0,Non,Not a brand,Jumia
534,Car Dashboard Phone Holde,570.0,30,399.0,,0,Non,Not a brand,Jumia
535,Musical Crib Bell Toy Cot Mobile Rotating Rattles Toy Crib Decorations,2148.0,17,1790.0,,0,Non,Not a brand,Jumia
536,Invisible Phone Stand Aluminum Alloy Pocket Size For Home And Blue,188.0,34,125.0,,0,Non,Not a brand,Jumia
537,(Red Add Cable)Waterproof 12V-24V Mini Micro Dual USB Plug,921.0,21,730.0,,0,Non,Not a brand,Jumia
538,Car Phone Holder Mount With Crystal Rhinestone Car Air Vent Silver,358.0,28,256.0,,0,Non,Not a brand,Jumia
539,CaseMe Stand Type Magnetic Car Phone Holder,727.0,30,509.0,,0,Non,Not a brand,Jumia
540,(Type-1 Blue)4 In 1 LED Digital 12V  Lighter Socket USB,935.0,21,740.0,,0,Non,Not a brand,Jumia
541,Selfie Stick  Cell Stand Carry All For Samsung Black+Orange,429.0,33,286.0,,0,Non,Not a brand,Jumia
542,3-Piece Nylon Neck Crossbody Lanyard Universal Te,622.02,35,401.52,,0,Non,Not a brand,Jumia
543, Fashion Rabbit Fur Ball Cellphone Charm Bag Pendant Keychai,72.24,50,36.12,,0,Non,Not a brand,Jumia
544,Phone Mount Holder Double Clip Multifunction Rotatable Dual Phone Clip,505.0,29,361.0,,0,Non,Not a brand,Jumia
545,Diamond Bling Car Cell Phone Holder Girl Rhinestone Crystal Mount Universal Fit Mobile Holder Car Interior Accessories for Women MEI,1680.0,43,960.0,,0,Non,Not a brand,Jumia
546,100W USB C To Type C Magnetic Adapter for Macbook Fast Charge Usb Type C Magnet Converter Magnetic Cable Right Angle Connector,405.48,0,405.48,,0,Non,Not a brand,Jumia
547,Car Inner Water Cup Holder Universal Long Hose Bracket,727.0,30,509.0,,0,Non,Not a brand,Jumia
548,Baby Mobile Stroller Bed Bell With Relaxing Music For Pink Chick,2468.0,33,1645.0,,0,Non,Not a brand,Jumia
549,(black)Auto Lighter Car Socket Interior Parts 12V-24V,838.0,20,670.0,,0,Non,Not a brand,Jumia
550,Smartphones Umbrella Stand Sun Shade Cover With Suction Cup Lake Blue,338.0,23,260.0,,0,Non,Not a brand,Jumia
551,4 PCS Q6 Car Magnetic Mobile Phone Holder,284.0,30,199.0,,0,Non,Not a brand,Jumia
552,Automatic Car Air Vent Mount Clip Holder Silver,302.0,17,252.0,,0,Non,Not a brand,Jumia
553,Water-Resistant Bicycle   Handlebar  Phone Holder Case,800.0,17,667.0,,0,Non,Not a brand,Jumia
554,5 Inch Car Auto Mesh Hole Subwoofer Loudspeaker Protective C,355.0,30,249.0,,0,Non,Not a brand,Jumia
555,Sportsmod Wooden Bed Bell Holder Decoration Toys Ornaments Round,1713.0,23,1318.0,,0,Non,Not a brand,Jumia
556,SP16 Car Speakerphone Volume Knob Loud 5.0 For Google,1595.0,29,1139.0,,0,Non,Not a brand,Jumia
557,360 Clip Mobile Phone Holder Stand Portable Flexible Lazy Bed Desktop Bracket Mount Stand Base,1185.0,42,687.0,,0,Non,Not a brand,Jumia
558,New 360 Rotating Flexible Long Arm cell phone holder stand lazy bed desktop tablet car selfie mount bracket for iphone 6 MEI,1680.0,43,960.0,,0,Non,Not a brand,Jumia
559,"Vidvie Fast Car Charger CC507, 3.1A Output - 2 USB Port With Micro Usb Cable",300.0,34,199.0,,0,Non,Not a brand,Jumia
560,Black Car  Lighter Socket 2 Way  Splitter,838.0,20,670.0,,0,Non,Not a brand,Jumia
561,2 PCS Desktop Phone Holder,612.0,30,429.0,,0,Non,Not a brand,Jumia
562,5pcs Ic Aluminum  Sheet Disk Sticker Mobile  Stand Round,103.0,23,79.0,,0,Non,Not a brand,Jumia
563,Car Cup Double Mobile Phone Holder,1827.0,30,1279.0,,0,Non,Not a brand,Jumia
564,（white）3.1A Mini Dual USB Car  Lighter Charger Universal Motorcycle Car Truck VAN ATV Boat For Iphone 11 X 8 7 Samsung Xiaomi,676.0,23,520.0,,0,Non,Not a brand,Jumia
565,Bed Bell Bracket Adjustable Ornaments Accessories For Bedroom Round,1977.0,33,1318.0,,0,Non,Not a brand,Jumia
566,12V 150cm  Car  Lighter Power Socket AdapterBattery To Terminal Clip-on Car   Line  Light Power,676.0,23,520.0,,0,Non,Not a brand,Jumia
567,360° Simple Car Air Vent Mini Phone Holder 360 Rotation Universal Auto Navigation Bracket For Xiaomi Samsung IPhone MEI,1680.0,43,960.0,,0,Non,Not a brand,Jumia
568,ic Car Phone Holder For BMW E30 E36 E39 E46 E60 E70 E87 E90 E92 E71 F10 F30 F20 F01 F02 X1 X2 X3 X4 X5 X6 X7 M Performance MEI,1960.0,43,1120.0,,0,Non,Not a brand,Jumia
569,Bicycle Shockproof Riding Mobile Phone Holder,1198.0,30,839.0,,0,Non,Not a brand,Jumia
570,FLOVEME Car Air Outlet Holder,312.0,30,219.0,,0,Non,Not a brand,Jumia
571,Car Sun Visor Rear Seat Mobile Phone Holder,684.0,30,479.0,,0,Non,Not a brand,Jumia
572,（A）Mini Stealth Car Adapter QC 4.0 3.0 Quick Charge Type C PD Charger 30W PD QC/PD PD Car Charger For IPhone 12 13 Huawei Xiaomi,676.0,23,520.0,,0,Non,Not a brand,Jumia
573,Motorcycle Bike Phone Holder Bicycle Cellphone Stand Adjustable Support MTB Bike Handlebar,1770.0,42,1027.0,,0,Non,Not a brand,Jumia
574,Mini Phone Umbrella Motorcycle Bicycle Riding Mobile Phone Holder Cute Sun Shade Portable Waterproof Bracket Sunshade Umbrella MEI,1880.0,43,1080.0,,0,Non,Not a brand,Jumia
575,915 Generation 3D Glitter Crystal Rhinestone Hard Case Cover for iPhone,179.76,47,94.5,,0,Non,Not a brand,Jumia
576,(110-Red)4.2A Aluminum Dual USB Moto  Lighter Socket For,1031.0,20,820.0,,0,Non,Not a brand,Jumia
577,（EU Plug）Black Car  Lighter Adapter EU US Plug Converter AC 220V To DC 12V Accessories,676.0,23,520.0,,0,Non,Not a brand,Jumia
578,（Red）Car  Lighter Socket 12V-24V Waterproof Plug Power Outlet Adapter For Marine Boat Motorcycle Truck RV ATV With Wire D5,676.0,23,520.0,,0,Non,Not a brand,Jumia
579,2Pcs Baby Crib Mobile Wind  Bed Bell   Room Nursery Decor,1604.0,29,1146.0,,0,Non,Not a brand,Jumia
580,Record Storage Magazine Rack Holder Albums,2159.0,23,1661.0,,0,Non,Not a brand,Jumia
581,Car Phone Holder Mount 360° Rotating For 4.7-6.5inch Size Phones,344.0,28,246.0,,0,Non,Not a brand,Jumia
582,Portable Foldable Swivel Phone  Stand Holder Kickstand Black,233.0,23,179.0,,0,Non,Not a brand,Jumia
583,Set Of 2 Nordic Hanging Baby Crib Mobile Wind  Bed  Room,1788.0,33,1192.0,,0,Non,Not a brand,Jumia
584,H02 Car Rearview Mirror Mobile Phone Holder,484.0,30,339.0,,0,Non,Not a brand,Jumia
585,Samsung Car Charger 2 Dual USB 9V 1.67A Quick Fast Charge Micro USB Type C Cable For Galaxy S6 S7 Edge S8 S9 Plus A3 A5,487.0,20,390.0,4.0,1,Non,Not a brand,Jumia
586,(white)New Arrival 12-24V Universal Car Auto  Lighter Dual,838.0,20,670.0,,0,Non,Not a brand,Jumia
587,(Red )Universal No Smocking Nitrous On Car  Lighter Cover,838.0,20,670.0,,0,Non,Not a brand,Jumia
588,"Lightsaber Stand, Decorative Fixed Acrylic Detachable Table Black",764.0,17,637.0,,0,Non,Not a brand,Jumia
589,Universal Mini Invisible Foldable Mobile Phone Stand Aluminum Alloy Desktop Mount Material Holder Adjustable Angle MEI,1680.0,43,960.0,,0,Non,Not a brand,Jumia
590,Plush Baby Hanging Rattles Toy Stuffed Animal For Baby 0-6-12 Orange,517.0,23,398.0,,0,Non,Not a brand,Jumia
591,（Black 40W PD PD）Extractme PD USB C Fast Charger 40W  Lighter Quick Charge 4.0 3.0 Car Splitter Socket For IPhone 12 13 Xiaomi Samsung,676.0,23,520.0,,0,Non,Not a brand,Jumia
592,Musical Crib Mobile Hanging Rotating Rattles With Sound Blue Chick,2330.0,29,1664.0,,0,Non,Not a brand,Jumia
593,"Suntekmall Small Umbrella Covers For, Phone Anti Refection Blue",217.0,29,155.0,,0,Non,Not a brand,Jumia
594,（black）12V-24V Car Auto Motorcycle  Lighter Power Plug Socket Auto   Lighter Female Socket With Waterproof Cover Case,676.0,23,520.0,,0,Non,Not a brand,Jumia
595,（Black）12V Connector Car Lighter Wire Plug Extension Cable Black Lead Socket Accessory Adapter Car Lighter Extension Cord,778.0,23,599.0,,0,Non,Not a brand,Jumia
596,Universal Mount Clip Car Phone Holder,163.21,30,113.9,,0,Non,Not a brand,Jumia
597,NEW General Phone Holder Flexible Multifunctional 75 Degree Stand For OHSNAP SMARTPHONE GRIP Smartphone Tablet Plain MEI,1680.0,43,960.0,,0,Non,Not a brand,Jumia
598,Car Air Outlet Six-claw Gravity Mobile Phone Holder Bracket,512.0,30,359.0,,0,Non,Not a brand,Jumia
599,Universal Adjustable Automatic Phone Holder For 4.0-6.5 Inch Colorful,386.0,33,257.0,,0,Non,Not a brand,Jumia
600,Mute Phone Shaker Rocker Cellphone  Phone Swing Steps Black,604.0,17,503.0,,0,Non,Not a brand,Jumia
601,（EU Plug）Black Car  Lighter Adapter EU US Plug Converter AC 220V To DC 12V Accessories,676.0,23,520.0,,0,Non,Not a brand,Jumia
602,（Red）Car  Lighter Socket 12V-24V Waterproof Plug Power Outlet Adapter For Marine Boat Motorcycle Truck RV ATV With Wire D5,676.0,23,520.0,,0,Non,Not a brand,Jumia
603,Metal Desk Mobile Phone Holder Stand For IPhone IPad Xiaomi Adjustable Desktop Tablet Holder,2272.0,42,1318.0,,0,Non,Not a brand,Jumia
604,"For IPhone 14 13 12 Charger Case 18W 20W Silicone Cable Winder,White",175.14,47,92.82,,0,Non,Not a brand,Jumia
605,Cartoon Baby Hanging Rattles Toy   For 3 6 9 Gray,546.0,29,390.0,,0,Non,Not a brand,Jumia
606,Record Storage Magazine Rack Holder Albums,2159.0,23,1661.0,,0,Non,Not a brand,Jumia
607,Car Phone Holder Mount 360° Rotating For 4.7-6.5inch Size Phones,344.0,28,246.0,,0,Non,Not a brand,Jumia
608,Portable Foldable Swivel Phone  Stand Holder Kickstand Black,233.0,23,179.0,,0,Non,Not a brand,Jumia
609,Set Of 2 Nordic Hanging Baby Crib Mobile Wind  Bed  Room,1788.0,33,1192.0,,0,Non,Not a brand,Jumia
610,H02 Car Rearview Mirror Mobile Phone Holder,484.0,30,339.0,,0,Non,Not a brand,Jumia
611,(white)New Arrival 12-24V Universal Car Auto  Lighter Dual,838.0,20,670.0,,0,Non,Not a brand,Jumia
612,(Red )Universal No Smocking Nitrous On Car  Lighter Cover,838.0,20,670.0,,0,Non,Not a brand,Jumia
613,"Lightsaber Stand, Decorative Fixed Acrylic Detachable Table Black",764.0,17,637.0,,0,Non,Not a brand,Jumia
614,Plush Baby Hanging Rattles Toy Stuffed Animal For Baby 0-6-12 Orange,517.0,23,398.0,,0,Non,Not a brand,Jumia
615,Musical Crib Mobile Hanging Rotating Rattles With Sound Blue Chick,2330.0,29,1664.0,,0,Non,Not a brand,Jumia
616,"Suntekmall Small Umbrella Covers For, Phone Anti Refection Blue",217.0,29,155.0,,0,Non,Not a brand,Jumia
617,（black）12V-24V Car Auto Motorcycle  Lighter Power Plug Socket Auto   Lighter Female Socket With Waterproof Cover Case,676.0,23,520.0,,0,Non,Not a brand,Jumia
618,（Black）12V Connector Car Lighter Wire Plug Extension Cable Black Lead Socket Accessory Adapter Car Lighter Extension Cord,778.0,23,599.0,,0,Non,Not a brand,Jumia
619,NEW General Phone Holder Flexible Multifunctional 75 Degree Stand For OHSNAP SMARTPHONE GRIP Smartphone Tablet Plain MEI,1680.0,43,960.0,,0,Non,Not a brand,Jumia
620,For IPhone 14 13 12 Charger Protective Case 18W 20W,119.6,44,66.4,,0,Non,Not a brand,Jumia
621,Universal Adjustable Automatic Phone Holder For 4.0-6.5 Inch Colorful,386.0,33,257.0,,0,Non,Not a brand,Jumia
622,Mobile Musical Hanging Toy For Infant Toddler Style A,701.0,29,501.0,,0,Non,Not a brand,Jumia
623,Phone Umbrella Stand Suction Cup Mount,1372.0,29,980.0,,0,Non,Not a brand,Jumia
624,Car Rear Mirror Phone Holder,555.0,30,389.0,,0,Non,Not a brand,Jumia
625,Cute Mini Chair Phone Holder Decorative Angle Adjustable Novelty Pink,126.0,33,84.0,,0,Non,Not a brand,Jumia
626,Car Diamond Magnetic Air Outlet Mobile Phone Holder,455.0,30,319.0,,0,Non,Not a brand,Jumia
627,Phone Umbrella Stand Suction Cup,1538.0,33,1025.0,,0,Non,Not a brand,Jumia
628,Stand  Holder Plastic Wall Display Holder Katana Stand,213.0,33,142.0,,0,Non,Not a brand,Jumia
629,2 PCS Desktop Phone Holder,612.0,30,429.0,,0,Non,Not a brand,Jumia
630,Motorcycle Bike Phone Holder Bicycle Cellphone Stand Adjustable Support MTB Bike Handlebar,1770.0,42,1027.0,,0,Non,Not a brand,Jumia
631,Multifunctional Magnetic Mobile Phone Car Holder,698.0,30,489.0,,0,Non,Not a brand,Jumia
632,Car Air Vent Clip Mount Universal Car Phone Holder Support Stand Bracket for BYD Atto3 Volkswagen Golf Toyota Hyundai Audi MEI,2040.0,43,1160.0,,0,Non,Not a brand,Jumia
633,(Red)12V-24V 2 Port  Lighter Socket Splitter USB Car,1003.0,20,800.0,,0,Non,Not a brand,Jumia
634,(US Plug)ful Car  Lighter Power AC 220V To DC 12V Black,676.0,23,520.0,,0,Non,Not a brand,Jumia
635,（US Plug）EU/US Standard Car Socket Adapter AC 100-240V 220V To DC 12V S Lighter Power Converter Adapter AC To DC,676.0,23,520.0,,0,Non,Not a brand,Jumia
636,Multi-function 3 in 1 Auto Car Headrest Hooks Car Seat back Hook Phone Mount Holder Fastener Seat Back Hanger Clips for Bag MEI,1680.0,43,960.0,,0,Non,Not a brand,Jumia
637,（UK）220V To 12V Portable Car  Lighter Socket Adapter Converter Parts For EU/UK/US Electric Equipment,757.0,23,582.0,,0,Non,Not a brand,Jumia
638,Phone Stand Holder Foldable Non Slip Extendable For  Silver,258.0,17,215.0,,0,Non,Not a brand,Jumia
639,HAMTOD Little One Car Gravity Invisible Telescopic Holder,441.0,30,309.0,,0,Non,Not a brand,Jumia
640,Cell Phone Stand Holder Extendable Anti Slip   Phones Desktop Gray,275.0,17,229.0,,0,Non,Not a brand,Jumia
641,Sound Deadening Mat Car Firewall Sound Deadener Heat Shield Insulation Audio Noise Insulator Deadening Pad 7mm 500x1000mm,714.0,22,560.0,,0,Non,Not a brand,Jumia
642,Car Phone Holder Bling Car Air Vent Mount Holder Stand Bracket White,281.0,28,201.0,,0,Non,Not a brand,Jumia
643,X27 Tablet Bracket For IPad Pro 12.9 Inch (2018/2020/2021),6694.0,44,3719.0,,0,Non,Not a brand,Jumia
644,（black）Mini Stealth Car Adapter QC 4.0 3.0 Quick Charge 30W PD QC/PD PD Type C PD Charger With Pull Ring For IPhone 12 13 Huawei Xiaomi,798.0,23,614.0,,0,Non,Not a brand,Jumia
645,（1pack-Economic）Mini 2.4A Dual USB Car Universal Mobile Phone Charger Aluminum Charger For OPPO VIVO Xiaomi Samsung IPhone 11 X 8 7 Huawei,676.0,23,520.0,,0,Non,Not a brand,Jumia
646,Baby Crib Holder Music Box Toy Rotating Arm Bracket Adjustable,766.0,29,547.0,,0,Non,Not a brand,Jumia
647,(Blue)Waterproof 12V-24V Mini Micro Dual USB Plug   Car,921.0,21,730.0,,0,Non,Not a brand,Jumia
648,Umbrella Stand Mobile Phone Holder Suction Cup Practical  Yellow,349.0,17,291.0,,0,Non,Not a brand,Jumia
649,Mini Tripod Stand Steadicam Curve With Straight Clip,441.0,30,309.0,,0,Non,Not a brand,Jumia
650,"Universal Adjustable Automatic Phone Holder,Bing Crystal Blue",202.0,23,155.0,,0,Non,Not a brand,Jumia
651,2x Angel Butterfly Fairy Wings Crystals  Hanging Ornament Pendants,978.0,33,652.0,,0,Non,Not a brand,Jumia
652,Bed Bell Bracket 66cm Mobile Holder Cot Mobile Holder Without Cross,1126.0,29,804.0,,0,Non,Not a brand,Jumia
653,Magnetic Suction Cup Mobile Phone Holder,612.0,30,429.0,,0,Non,Not a brand,Jumia
654,Mini Phone Umbrella Motorcycle Bicycle Riding Mobile Phone Holder Cute Sun Shade Portable Waterproof Bracket Sunshade Umbrella MEI,1880.0,43,1080.0,,0,Non,Not a brand,Jumia
655,Mini Phone Umbrella Motorcycle Bicycle Riding Mobile Phone Holder Cute Sun Shade Portable Waterproof Bracket Sunshade Umbrella MEI,1880.0,43,1080.0,,0,Non,Not a brand,Jumia
656,Mini Cooling Fan For Phones Mobile Gaming,304.0,29,217.0,,0,Non,Not a brand,Jumia
657,"Car Phone Holder Mount, Suction Cup Cell Phone Holder Stand",400.0,0,400.0,,0,Non,Not a brand,Jumia
658,Wooden Desktop Adjustable Phone Holder,2086.0,44,1159.0,,0,Non,Not a brand,Jumia
659,（1pcs Black）For Mercedes-Benz C E S GLK ML GL Class Black Car  Lighter Socket Car Accessories Automotive Interior,676.0,23,520.0,,0,Non,Not a brand,Jumia
660,Wireless Charger Docking Station For iPhone 12PRO MAX XR 8 11 12 10W Desktop Fast Charging Station Wireless Charger Stand,482.67,0,482.67,,0,Non,Not a brand,Jumia
661,DVD-AY-TFK Air Conditioning Vent Holder + Car Holder,1070.0,30,749.0,,0,Non,Not a brand,Jumia
662,Mobile Phone Stand 360 Rotatable Foldable Cellphone Mount Bracket Blue,188.0,34,125.0,,0,Non,Not a brand,Jumia
663,3R-2140 2 PCS Car Dashboard Anti-slip Pad Mat,198.0,30,139.0,,0,Non,Not a brand,Jumia
664,2 PCS Car Auto Rubber Dashboard Anti-slip Pad Mat,198.0,30,139.0,,0,Non,Not a brand,Jumia
665,Car Auto Oval Soft Rubber Dashboard Anti-slip Pad Mat,170.0,30,119.0,,0,Non,Not a brand,Jumia
666,Car Mobile Phone Holder Buckle,555.0,30,389.0,,0,Non,Not a brand,Jumia
667,Smartphones Umbrella Stand Sun Shade Cover Suction Cup Lake Blue,337.0,17,281.0,,0,Non,Not a brand,Jumia
668,（Green LED） Lighter Socket In Car 5V 3.1A Power Adapter Charger Auto Universal Dual USB Phone Charger For Iphone 11 Xiaomi Huawei,676.0,23,520.0,,0,Non,Not a brand,Jumia
669,Car Anti Slip Mat Dashboard Parking Card Holds Phones,737.0,33,491.0,,0,Non,Not a brand,Jumia
670,Anti-uv Rain-proof Polyester Mobile Phone Umbrella 1pc Motorcycle Phone Holder Anti-permeability Waterproof Silver Dumb Rubber MEI,1680.0,43,960.0,,0,Non,Not a brand,Jumia
671,ic Phone Holder for Car Hands Free iPhone Car Holder Mount Dash Phone Mount for Car Fit for iPhone 14 13 12 Pro Max Plus MEI,3320.0,42,1920.0,,0,Non,Not a brand,Jumia
672,2x  Shaking Head Car Dashboard Shaking Head Doll Ornaments,1079.0,33,719.0,,0,Non,Not a brand,Jumia
673,"Shopsuntek Small Umbrella Covers For, Phone Sun Shade For Riding Blue",213.0,29,152.0,,0,Non,Not a brand,Jumia
674,TIK TOK  Spring Doll Shaking Head  Doll 5laugh,85.0,24,65.0,,0,Non,Not a brand,Jumia
675,Flexible 360 ​​Degree Camera Holder Universal Lazy Mobile Black,1290.0,23,992.0,,0,Non,Not a brand,Jumia
676,"Bing Crystal Rhinestone Car Phone Holder,Mount Holder Golden",252.0,23,194.0,,0,Non,Not a brand,Jumia
677,2pcs Hood Door Pin Switch Adjustable Alarm Light Hood Screw Universal Car Alarm  Adjustable Auto Truck,676.0,23,520.0,,0,Non,Not a brand,Jumia
678,3D Crystal Rhinestone Hard for iPhone6 PIUS-Silver,205.8,50,102.9,,0,Non,Not a brand,Jumia
679,Car Air Vent Mount Sucker Holder Stand,255.0,30,179.0,,0,Non,Not a brand,Jumia
680,Car Dashboard Tablet Holder + Tray,1255.0,30,879.0,,0,Non,Not a brand,Jumia
681,Car Speakerphone Hands Free Cell Phone Kit Music Player For,1564.0,29,1117.0,,0,Non,Not a brand,Jumia
682,Truck Phone Holder Mount Heavy Duty Cell Phone Holder for Truck Dashboard Windshield 16.9 inch Long Arm,800.0,35,520.0,,0,Non,Not a brand,Jumia
683,Car Phone Holder Mount 360 Degree Rotation Hands Cell Phones Stand,335.0,29,239.0,,0,Non,Not a brand,Jumia
684,2 PCS Desktop Phone Holder,612.0,30,429.0,,0,Non,Not a brand,Jumia
685,Cute Animal Hanging Baby Rattles For Crib Baby Bed Educational Purple,434.0,17,362.0,,0,Non,Not a brand,Jumia
686,Phone Sunshade Waterproof Phone Covers For Black,186.0,17,155.0,,0,Non,Not a brand,Jumia
687,Universal Adjustable Mouse Mobile Phone Bracket Suction Pad,258.0,33,172.0,,0,Non,Not a brand,Jumia
688,Kebidu New Wireless Bluetooth Mini Speaker Mushroom Waterproof Silicon Suction Handfree Holder Music Player for Iphone Android MEI,1680.0,43,960.0,,0,Non,Not a brand,Jumia
689,Car Anti Slip Mat Dashboard Parking Card Holds Phones,553.0,17,461.0,,0,Non,Not a brand,Jumia
690,(US Plug)220V To 12V  Lighter Socket Adapter Converter,1017.0,20,810.0,,0,Non,Not a brand,Jumia
691,2 PCS Windshield Washer Wiper Jet Water Spray Nozzle For 200,298.0,30,209.0,,0,Non,Not a brand,Jumia
692,（with 3 In 1 Cable）120W Auto Car  Lighter Splitter Socket Dual USB Power Ports Adapter Car Charger With Switch For Xiaomi Samsung IPhone,824.0,23,634.0,,0,Non,Not a brand,Jumia
693,Phone Mount 360 Degree Rotation Bike Red For Mirror Base,467.0,23,359.0,,0,Non,Not a brand,Jumia
694,Nursery Baby Cot Rattles Kids Musical Hanging Toy For Children Style A,565.0,17,471.0,,0,Non,Not a brand,Jumia
695,"Umbrella Stand Cover, Phone Holder Suction Cup Lightweight Pink",306.0,17,255.0,,0,Non,Not a brand,Jumia
696,（Black）Dual USB Port 3 Way 3.1A Blue Led Car  Lighter Socket Splitter Hub Power Adapter 12V-24V For IPad Smartphone D,676.0,23,520.0,,0,Non,Not a brand,Jumia
697,Roof Top Netting Sunshade Cover Insulation Net for Polaris RZR PRO,3053.82,47,1615.74,,0,Non,Not a brand,Jumia
698,Mobile Music Box With Relaxing Music Starry Pink Owl,2439.0,33,1626.0,,0,Non,Not a brand,Jumia
699,"Boxed Christmas Cards, Wish Card Christmas Tree",318.0,50,159.0,,0,Non,Not a brand,Jumia
700,(Black)QC 3.0 Car  Lighter Splitter 12V 24V 3 Socket 180W,1251.0,20,1000.0,,0,Non,Not a brand,Jumia
701,Telescopic Car Rear Pillow Phone Holder Seat Rear Headrest Mounting Bracket Car Stand for iPhone X8 iPad Mini Tablet 4-11 Inch MEI,2080.0,42,1200.0,,0,Non,Not a brand,Jumia
702,Cute Mini Chair Phone Holder Portable Bracket Cell Phone Stand Pink,126.0,33,84.0,,0,Non,Not a brand,Jumia
703,(With Lighter-B)12 Volt Car Backlight Adapter Watch,1058.0,21,840.0,,0,Non,Not a brand,Jumia
704,（1）USB Car Charger 2 Port QC 3.0 Adapter  Lighter LED  For IPhone 11 Xiaomi Huawei Phone Charger Adapter In Car,676.0,23,520.0,,0,Non,Not a brand,Jumia
705,Black/Silver/Gold 360 Degree Car Installation Vent Fashion Gravity Bracket Universal Mobile for Phone Accesories for Car MEI,1680.0,43,960.0,,0,Non,Not a brand,Jumia
706,12Pcs Phone Wallet DIY Leather Sublimation Ph,1519.14,35,980.28,,0,Non,Not a brand,Jumia
707,For Tesla Model 3 / Y Car Monitor Rotation Mount,5970.0,30,4179.0,,0,Non,Not a brand,Jumia
708,Phone Umbrella Stand Suction Cup,1491.0,33,994.0,,0,Non,Not a brand,Jumia
709,Baby Crib Mobile Bed Bell Toy Hanging Toy Montessori For Children,1228.0,17,1023.0,,0,Non,Not a brand,Jumia
710,Decoratieve Telefoonparaplu  Anti-reflectie Voor Blue,213.0,23,164.0,,0,Non,Not a brand,Jumia
711,Motorcycle Handlebar Phone Holder 1 Inch Ball Base Set Universal,464.0,23,357.0,,0,Non,Not a brand,Jumia
712,（black）3.1A Mini Dual USB Car  Lighter Charger Universal Motorcycle Car Truck VAN ATV Boat For Iphone 11 X 8 7 Samsung Xiaomi,676.0,23,520.0,,0,Non,Not a brand,Jumia
713,Smartphone Umbrella Stand Sun Shade Suction Cup Adjustable Pink,343.0,23,264.0,,0,Non,Not a brand,Jumia
714,NKL01 MagRoad Lite Type Car Magnetic Holder,1084.0,30,759.0,,0,Non,Not a brand,Jumia
715,(110-Black)4.2A Aluminum Dual USB Moto  Lighter Socket For,1031.0,20,820.0,,0,Non,Not a brand,Jumia
716,Toysmalle Bed Bell Bracket Accessories Ornaments For Mobile Bed Round,1899.0,33,1266.0,,0,Non,Not a brand,Jumia
717,"4-Port 85W GaN USB C Fast Charger, PD 65W PPS 45W 20W QC3.0 Power Adapter Supply For MacBook Laptop iPhone Xiaomi Samsung",909.32,0,909.32,,0,Non,Not a brand,Jumia
718,Stylish Sparkling Shiny Phone Holder With Crystal Rhinestone Car Black,351.0,33,234.0,,0,Non,Not a brand,Jumia
719,JOYROOM JR-OK3 Car New Mouse Phone Holder,684.0,30,479.0,,0,Non,Not a brand,Jumia
720,Car Phone Holder Steering Wheel Bike Clip Mount Mobile Phone Stand Socket For Samsung Redmi Xiaomi Note 3 4 5 6 Universal MEI,1680.0,43,960.0,,0,Non,Not a brand,Jumia
721,(Green Cable Hole Saw)Dual USB Motorcycle  Lighter Car,838.0,20,670.0,,0,Non,Not a brand,Jumia
722,12-24V 120W Motorcycle  Lighter Socket Car Double Hole Electric Seat Waterproof Double Hole  Lighter Socket,768.0,23,591.0,,0,Non,Not a brand,Jumia
723,(Green With 3 In 1)2019 New Arrive  Lighter Socket Splitter,838.0,20,670.0,,0,Non,Not a brand,Jumia
724,(US)220V To 12V Portable Car Lighter Socket,1003.0,20,800.0,,0,Non,Not a brand,Jumia
725,(Adapter Cable 40CM)High-power Socket Car Lighter,1086.0,21,860.0,,0,Non,Not a brand,Jumia
726,(Only )12V Dual USB Car Lighter Socket Splitter,838.0,20,670.0,,0,Non,Not a brand,Jumia
727,Car Round Soft Rubber Dashboard Anti-slip Pad Mat,255.0,30,179.0,,0,Non,Not a brand,Jumia
728,（gray） Lighter Socket Car Charger 2.1A 1A Mobile Phone Charger 2 Port USB Fast Car Charger For IPhone Samsung Tablet Accessor,676.0,23,520.0,,0,Non,Not a brand,Jumia
729,（4 Port Black）Kebidu 4 Ports USB Car Charge 12V 24V 48W Quick 7A Fast Charging For IPhone 11 Xiaomi Huawei Mobile Phone Charger Adapter In Car,676.0,23,520.0,,0,Non,Not a brand,Jumia
730,2M Cables Plug DC 12V 2 Pin Connection Lead Cable Wire Plug Suitable For Car Cooler Box Mini Fridge  Lighter,676.0,23,520.0,,0,Non,Not a brand,Jumia
731,(blue)car  Lighter In A Car Socket Splitter 12V-24V 2 Port,935.0,21,740.0,,0,Non,Not a brand,Jumia
732,(Black)4.2A Aluminum Dual USB Moto  Lighter Socket For BMW,1031.0,20,820.0,,0,Non,Not a brand,Jumia
733,(Red Set)Lighter Socket 12V Splitter With Rocker Toggle,838.0,20,670.0,,0,Non,Not a brand,Jumia
734,(No Volt And Switch)Waterproof Panel Type C PD Socket,1100.0,20,880.0,,0,Non,Not a brand,Jumia
735,（Socket With Terminal）12V-24V Car  Lighter Socket Base Waterproof Plug Power Outlet Adapter Black For Car Boat Motorcycle Truck RV ATV D5,676.0,23,520.0,,0,Non,Not a brand,Jumia
736,(Red)12V-24V 2 Port  Lighter Socket Splitter USB Car,838.0,20,670.0,,0,Non,Not a brand,Jumia
737,(Orange With Cable)12V-24V Car  Lighter Socket Motorcycle,838.0,20,670.0,,0,Non,Not a brand,Jumia
738,(197)4.2A Aluminum Dual USB Moto  Lighter Socket For BMW,1031.0,20,820.0,,0,Non,Not a brand,Jumia
739,(Red With Wire)12V/24V QC3.0 Car Charging Socket Waterproof,976.0,20,780.0,,0,Non,Not a brand,Jumia
740,(Red Add Cable)Waterproof 12V-24V Mini Micro Dual USB Plug,921.0,21,730.0,,0,Non,Not a brand,Jumia
741,12V 24V Car  Lighter Plug With Light Without Wire Socket Converter,676.0,23,520.0,,0,Non,Not a brand,Jumia
742,（red）Universal 12V Car  Lighter Assembly Socket Power Outlet  Quality,676.0,23,520.0,,0,Non,Not a brand,Jumia
743,(Red)Car  Lighter Socket 12V Waterproof Auto Boat,838.0,20,670.0,,0,Non,Not a brand,Jumia
744,(Red1)12V 24V Car  Lighter Socket Adapter With Led Light,838.0,20,670.0,,0,Non,Not a brand,Jumia
745,10Pcs/5pcs/lot Metal Plate Disk Iron Sheet For Magnetic Car Phone Holder Stand Metal Plate For,1322.0,42,767.0,,0,Non,Not a brand,Jumia
746,(QC 3.0 Blue)USB Car Motorcycle  Lighter QC 3.0 Dual USB,838.0,20,670.0,,0,Non,Not a brand,Jumia
747,（Black）High Quality 12V Wire Adapter Plug Socket Lead Connector Accessory Cord Car  Lighter Extension Cable Black Boosted,676.0,23,520.0,,0,Non,Not a brand,Jumia
748,（black）Car Mini  Lighter Replacement 1J0 919 307 Fits For VW Amarok 2010-2014 Interior  Lighter Replacement Parts,676.0,23,520.0,,0,Non,Not a brand,Jumia
749,(type 2 Red)Car  Lighter Sockets Dual USB Motorcycle,948.0,21,750.0,,0,Non,Not a brand,Jumia
750,(1.5m)Car  Lighter Socket Plug Connector 1.5 Meter 12V 24V,838.0,20,670.0,,0,Non,Not a brand,Jumia
751,(Blue)12V/24V Triple Aluminum Metal 60W USB-C Multiple Car,838.0,20,670.0,,0,Non,Not a brand,Jumia
752,（Only Wire）Car  Lighter Socket 12V-24V Waterproof Plug Power Outlet Adapter For Marine Boat Motorcycle Truck RV ATV With Wire D5,676.0,23,520.0,,0,Non,Not a brand,Jumia
753,(White With Cable)12V-24V Car  Lighter Socket Motorcycle,838.0,20,670.0,,0,Non,Not a brand,Jumia
754,Car  Lighter 12V Fit For VW / BMW / Toyota / Honda / Audi / Mercedes,676.0,23,520.0,,0,Non,Not a brand,Jumia
755,（Green Led With Cable）Black Color 12V 120W Motorcycle Car Boat Tractor Accessory Waterproof  Lighter Power Socket Plug Outlet Car-styling,676.0,23,520.0,,0,Non,Not a brand,Jumia
756,(Red 1)12V 24V 240W Car  Lighter Socket Waterproof With LED,838.0,20,670.0,,0,Non,Not a brand,Jumia
757,(Green With Cable)12V-24V Car  Lighter Socket Motorcycle,838.0,20,670.0,,0,Non,Not a brand,Jumia
758,（only Usb Cable）3.1A 2ports USB Car Charger Quick Charge 3.0 Phone Car  Lighter For Samsung Xiaomi Iphone X 7 Car Phone Charging Cable,676.0,23,520.0,,0,Non,Not a brand,Jumia
759,(Rectangle No -B)12 Volt Car Backlight Adapter Watch,1058.0,21,840.0,,0,Non,Not a brand,Jumia
760,(WIth Cable)3 USB Port 3 Way 3.1A Blue Led Car  Lighter,676.0,23,520.0,,0,Non,Not a brand,Jumia
761,(black)Car  Lighter Plug Car Accessories Inside 15A 12V 24V,838.0,20,670.0,,0,Non,Not a brand,Jumia
762,（20W Single TYPE C）Extractme Car Charger Type C PD 30W USB Fast Charging Mobile Phone Car Adapter For IPhone 13 12 11 Huawei Xiaomi Car,771.0,23,593.0,,0,Non,Not a brand,Jumia
763,12V  Lighter Assembly For Passat B5 B6 CC Golf 4 MK4 5 MK5 Polo Gol Tiguan A3 Q3 Superb Octavia Seat Leon Toledo,676.0,23,520.0,,0,Non,Not a brand,Jumia
764,915 Generation For IPhone 14 13 12 Charger Protective Case 18W 20W,158.34,46,85.68,,0,Non,Not a brand,Jumia
765,"Car Phone Holder , Style:2 In 1",584.0,30,409.0,,0,Non,Not a brand,Jumia
766,Multifunction Car Phone Mount Cell Phone Holder Lightness Portability No Space Occupy Stand Auto Interior Accessories MEI,1680.0,43,960.0,,0,Non,Not a brand,Jumia
767,(blue)QC3.0 Car USB Port Fast Charger For Toyota Camry Land,838.0,20,670.0,,0,Non,Not a brand,Jumia
768,Bike Motorcycle Handlebar Bolt 25.4mm Ball Base Kit Professional,536.0,33,357.0,,0,Non,Not a brand,Jumia
769,Car Instrument Panel Phone Holder Temporary Parking Card,541.0,30,379.0,,0,Non,Not a brand,Jumia
770,(4 USB PORTS)Extractme Lighter Socket 4 Port USB,1498.0,21,1190.0,,0,Non,Not a brand,Jumia
771,（type 2）USB Car Charger With LED Light 3A QC3.0 4USB Ports Fast Charger For IPhone 11 Xiaomi Huawei Universal Mobile Phone Charger Adapt,676.0,23,520.0,,0,Non,Not a brand,Jumia
772,(Blue)Quick Charge QC 3.0 36W Car Dual USB Charger Socket,838.0,20,670.0,,0,Non,Not a brand,Jumia
773,Universal Tablet Car Holder for Phone Ipad 7 8 9 10 11 Inch Tablet Pc Stand for Samsung XiaoMi Phone Bracket MEI,1680.0,43,960.0,,0,Non,Not a brand,Jumia
774,(black)Car Dual Usb Car  Lighter 5V 3.1A Power Socket Fast,838.0,20,670.0,,0,Non,Not a brand,Jumia
775,Ring Buckle Multifunction Cell Phone Holder,98.0,30,69.0,,0,Non,Not a brand,Jumia
776,Stylish Sparkling Shiny Phone Holder Bling Car Phone Holder Colorful,371.0,29,265.0,,0,Non,Not a brand,Jumia
777,（Black）Car  Lighter For VW Passat CC 2009-2012 Phaeton 2002-2014 A3/S3 2013-2014  Lighter On,676.0,23,520.0,,0,Non,Not a brand,Jumia
778,(Green Add Wire)Dual USB Charger Socket 5V/4.2A USB Car,838.0,20,670.0,,0,Non,Not a brand,Jumia
779,(green)Dual USB Car Charger Socket 5V 4.2A Fast Charge With,838.0,20,670.0,,0,Non,Not a brand,Jumia
780,Bigworldlittlethings Wooden Bed Bell Bracket Ornaments Square,1604.0,29,1146.0,,0,Non,Not a brand,Jumia
781,Stylish Sparkling Shiny Phone Holder Bling Car Phone Holder Golden,252.0,23,194.0,,0,Non,Not a brand,Jumia
782,（black）USB Car Charger 3A Type C PD QC3.0 Fast Charging  Lighter Socket Adapter For IPhone 13 12 11 Pro Max 8 Xiaomi Samsung,676.0,23,520.0,,0,Non,Not a brand,Jumia
783,（2）4 Ports USB Car Charge 50 W Quick 3.0 QC Mini Fast Charging For IPhone 13 Xiaomi Huawei Mobile Phone Charger Adapter In Car,676.0,23,520.0,,0,Non,Not a brand,Jumia
784,(black)High Quality Universal Car 12V Bluetooth Module,948.0,21,750.0,,0,Non,Not a brand,Jumia
785,Crusader  Stand Wall Mount Holder Black  Hanger  Stand,221.0,33,147.0,,0,Non,Not a brand,Jumia
786,"Car Food Table Cup Holders With Mobile Phone Slot For Snacks, Food,",2402.0,17,2002.0,,0,Non,Not a brand,Jumia
787,DIY Baby Crib Mobile Bed Bell Holder Toy Holder Bracket Baby Bed Stent,791.0,33,527.0,,0,Non,Not a brand,Jumia
788,2m 12V DC Replacement Car Cooler Cool Box Mini Fridge 2 Pin Lead Cable Plug Wire Car Refrigerator  Lighter Power Cord,676.0,23,520.0,,0,Non,Not a brand,Jumia
789,"Sumaxpro D8 Car Dashboard Phone Holder, Color: Colorful",698.0,30,489.0,,0,Non,Not a brand,Jumia
790,BY-965 Car Dashboard Phone Holder,441.0,30,309.0,,0,Non,Not a brand,Jumia
791,(Blue Light)12V Waterproof Car  Lighter Socket Auto Boat,838.0,20,670.0,,0,Non,Not a brand,Jumia
792,ic Phone Holder For Tesla Model 3 Y X S Car Phone Stand Smartphone Pillar Navigation Screen Mobile Cell Phone  Mount MEI,2720.0,43,1560.0,,0,Non,Not a brand,Jumia
793,Slim Phone Desktop Holder,855.0,30,599.0,,0,Non,Not a brand,Jumia
794,Universal Adjustable Automatic Phone Holder For 4.0-6.5 Inch Golden,252.0,23,194.0,,0,Non,Not a brand,Jumia
795,Cute Crib Mobiles Decor Stroller Hanging Toy For Pram Stroller Gray,1683.0,33,1122.0,,0,Non,Not a brand,Jumia
796,（3USB Black）2.1A QC3.0 4 USB Car Charger 12-32V Car Adapter Socket Quick Car Phone Charger With LED Light  For IPhone Samsung Xiaomi,676.0,23,520.0,,0,Non,Not a brand,Jumia
797,Car PVC Anti-Slip Pad,998.0,30,699.0,,0,Non,Not a brand,Jumia
798,Powered Dancing Toy Bobblehead Christmas Tree Sun Dancer,215.0,23,165.0,,0,Non,Not a brand,Jumia
799,Car Diamond Aluminium Alloy QC3.0 Dual USB Quick Charger(Pink),699.0,31,479.0,,0,Non,Not a brand,Jumia
800,(EU Plug)220V To 12V Adapter Converter Parts Portable Car,1017.0,20,810.0,,0,Non,Not a brand,Jumia
801,(Blue With 2 In 1)2019 New Arrive  Lighter Socket Splitter,838.0,20,670.0,,0,Non,Not a brand,Jumia
802,(type 1 Blue)Car  Lighter Sockets Dual USB Motorcycle,976.0,20,780.0,,0,Non,Not a brand,Jumia
803,(US Plug)ful Car  Lighter Power AC 220V To DC 12V Black,838.0,20,670.0,,0,Non,Not a brand,Jumia
804,(Black )12V Universal Car  Lighter On Cover Accessories No,838.0,20,670.0,,0,Non,Not a brand,Jumia
805,（Red）Car  Lighter Socket 12V-24V Waterproof Plug Power Outlet Adapter For Marine Boat Motorcycle Truck RV ATV With Wire D5,676.0,23,520.0,,0,Non,Not a brand,Jumia
806,(red)Universal 12V Car  Lighter Assembly Socket Power,990.0,20,790.0,,0,Non,Not a brand,Jumia
807,(Type-2 Blue)4 In 1 LED Digital 12V  Lighter Socket USB,935.0,21,740.0,,0,Non,Not a brand,Jumia
808,(4Pcs Red Light)4pcs/lot 12V Car  Lighter Socket Auto Boat,990.0,20,790.0,,0,Non,Not a brand,Jumia
809,（Green Light）12V Waterproof Car  Lighter Socket Auto Boat Motorcycle Tractor Power Outlet Socket Receptacle Car Accessories Dropship,676.0,23,520.0,,0,Non,Not a brand,Jumia
810,(Red1)12V 24V Car  Lighter Socket Adapter With Led Light,838.0,20,670.0,,0,Non,Not a brand,Jumia
811,(Green)Car  Lighter PD 3.0 Quick Chargers Socket Adapter,976.0,20,780.0,,0,Non,Not a brand,Jumia
812,(Blue)Car Motorcycle  Lighter Socket QC 3.0 Dual USB,838.0,20,670.0,,0,Non,Not a brand,Jumia
813,(Red 3 In 1 Set)12V  Lighter Socket 3 In 1 Waterproof Car,838.0,20,670.0,,0,Non,Not a brand,Jumia
814,1PC New 12V Waterproof Car  Lighter Socket Plug Power Outlet Parts For Car Truck Motorcycle Accessories,676.0,23,520.0,,0,Non,Not a brand,Jumia
815,Complete 12V 120W  Lighter Power Plug Socket Outlet Assembly For Auto-Car-Truck  Lighter Plug Assembly,676.0,23,520.0,,0,Non,Not a brand,Jumia
816,(type 2 Red)Car  Lighter Sockets Dual USB Motorcycle,948.0,21,750.0,,0,Non,Not a brand,Jumia
817,(QC3.0 Black)QC3.0+ 2.4A Dual USB Ports Car  Lighter,1113.0,20,890.0,,0,Non,Not a brand,Jumia
818,(4.2A Green)Lighter Socket Car USB 12V-24V  Powerful,838.0,20,670.0,,0,Non,Not a brand,Jumia
819,(Black-Green LED)4.2A Aluminum Dual USB Moto  Lighter,1058.0,21,840.0,,0,Non,Not a brand,Jumia
820,(Blue)12V-24V Car  Lighter Socket Motorcycle Car Auto Boat,838.0,20,670.0,,0,Non,Not a brand,Jumia
821,(196-Red)Portable DIN To USB Outlet DIN Socket USB Splitter,1210.0,21,960.0,,0,Non,Not a brand,Jumia
822,(Orange)Lighter Socket Waterproof 12V Power Plug Outlet,838.0,20,670.0,,0,Non,Not a brand,Jumia
823,(red)36W QC 3.0 Waterproof Universal Motorcycle Car Truck,838.0,20,670.0,,0,Non,Not a brand,Jumia
824,(Red )12V Universal Car  Lighter On Cover Accessories No,838.0,20,670.0,,0,Non,Not a brand,Jumia
825,(Red)Lighter Socket Waterproof 12V Power Plug Outlet,838.0,20,670.0,,0,Non,Not a brand,Jumia
826,(Red Add Cable)Waterproof 12V-24V Mini Micro Dual USB Plug,948.0,21,750.0,,0,Non,Not a brand,Jumia
827,(Yellow)Car Dual Usb Car  Lighter 5V 3.1A Power Socket Fast,838.0,20,670.0,,0,Non,Not a brand,Jumia
828,(Red With 2 In 1)2019 New Arrive  Lighter Socket Splitter,838.0,20,670.0,,0,Non,Not a brand,Jumia
829,(Type 1 Blue)DC 12-24V 4.2A Dual USB Motorcycle  Lighter,948.0,21,750.0,,0,Non,Not a brand,Jumia
830,(DS1211)12V Dual USB Car  Lighter Socket Splitter 12V,990.0,20,790.0,,0,Non,Not a brand,Jumia
831,(Red)Car  Lighter Socket 12V-24V Waterproof Plug Power,838.0,20,670.0,,0,Non,Not a brand,Jumia
832,(With Lighter-B)12 Volt Car Backlight Adapter Watch,1072.0,21,850.0,,0,Non,Not a brand,Jumia
833,(Type 1 Blue)DC 12-24V 4.2A Dual USB Motorcycle  Lighter,948.0,21,750.0,,0,Non,Not a brand,Jumia
834,（F）1Pcs Universal Car  Lighter On Cover Aluminum Billet Fire Missiles Eject On Plug  Auto Interier Accessories,676.0,23,520.0,,0,Non,Not a brand,Jumia
835,(Blue Led Light)Black Color 12V 120W Motorcycle Car Boat,838.0,20,670.0,,0,Non,Not a brand,Jumia
836,(Only Wire)Car  Lighter Socket Waterproof 12V-24V Auto Boat,838.0,20,670.0,,0,Non,Not a brand,Jumia
837,(Orange)Motorcycle Car  Lighter In Car Outlet Plug Boat,838.0,20,670.0,,0,Non,Not a brand,Jumia
838,12V-24V Car  Lighter Power Connection Ful Convenient Stable Secure Et Socket Adaptor Male Plug Power Adapter,676.0,23,520.0,,0,Non,Not a brand,Jumia
839,(4.2A Green)Lighter Socket Car USB 12V-24V  Powerful,838.0,20,670.0,,0,Non,Not a brand,Jumia
840,(Blue Add Wire)Lighter Socket Waterproof 12V Power Plug,838.0,20,670.0,,0,Non,Not a brand,Jumia
841,Mute Phone Shaker Rocker Cellphone  Phone Swing Steps Black,693.0,29,495.0,,0,Non,Not a brand,Jumia
842,Baby Crib Mobile Wooden Wind Chime Bed  Decor For Star,792.0,23,609.0,,0,Non,Not a brand,Jumia
843,（US）2021 Universal 220V AC To 12V DC Car Power Adapter Socket Converter 220V To 12V Hohold  Lighter US EU Plug,676.0,23,520.0,,0,Non,Not a brand,Jumia
844,Universal Phone Holder Mount For 4.7-6.5inch Size Phones Handsfree,302.0,23,232.0,,0,Non,Not a brand,Jumia
845,Baby Bedroom Ceiling Wooden  Wind  Hanging  Room   Boy Leaves,723.0,23,556.0,,0,Non,Not a brand,Jumia
846,Car Universal Adjustable Car Phone Holders Purple,231.0,23,178.0,,0,Non,Not a brand,Jumia
847,FLOVEME Car Air Outlet Holder,312.0,30,219.0,,0,Non,Not a brand,Jumia
848,2x  Crib Mobile Wind  Bed   Decor,1686.0,29,1204.0,,0,Non,Not a brand,Jumia
849,（black）Auto Car  Lighter 20mm  Head Auto Motorcycle Power Plug Socket Output For Motorcycle Car Truck Car Accessories,676.0,23,520.0,,0,Non,Not a brand,Jumia
850,"Waterproof Pouch Waterproof Case-pakc of 3,",554.4,44,308.0,,0,Non,Not a brand,Jumia
851,Tablet Phone Holder Mount In Car for Samsung Galaxy Z Fold 4 3 2 IPhone IPad Mini Air Car Sucker Phone Stand Expansion Holders MEI,1960.0,43,1120.0,,0,Non,Not a brand,Jumia
852,Phones Brackets Desk Lazy Mounts Accessories,395.0,29,282.0,,0,Non,Not a brand,Jumia
853,Car Beverage Table Food Rack,2884.0,30,2019.0,,0,Non,Not a brand,Jumia
854,Car universal armrest mat fiber leather embossed double-line non-slip four seasons universal central armrest mat wholesale 32cmX19cm Claret,336.0,52,160.0,,0,Non,Not a brand,Jumia
855,Car Phone Mount Stand With Cup Mount Rotatable Adjustable For Car SUV,2293.0,29,1638.0,,0,Non,Not a brand,Jumia
856,（4 Ports）QC3.0 15A 5 Ports USB Car Charger Auto Car Fast Charging Car Adapter Socket For Xiaomi Redmi Huawei Vehicle Electronics,676.0,23,520.0,,0,Non,Not a brand,Jumia
857,(Red)Car  Lighter Splitter 180W 3-Socket 12V DC Outlet 4,1320.0,20,1050.0,,0,Non,Not a brand,Jumia
858,(black)New 5V 2A USB Male To 12V Car  Lighter Socket,838.0,20,670.0,,0,Non,Not a brand,Jumia
859,(black)Car Chargercar Fm  Bluetooth 5.0 Aux Handsfree Kit,976.0,20,780.0,,0,Non,Not a brand,Jumia
860,(Grey)FM  Car S Lighter Quick Charge Bluetooth 5.0 USB A QC,1182.0,20,940.0,,0,Non,Not a brand,Jumia
861,HAMTOD Car Gravity Invisible Telescopic Holder,498.0,30,349.0,,0,Non,Not a brand,Jumia
862,Mini Chair Phone Holder Multi-Angle Ornament Universal Foldable Pink,109.0,23,84.0,,0,Non,Not a brand,Jumia
863,Car Multifunctional Mobile Phone Holder With Car Air Outlet,398.0,30,279.0,,0,Non,Not a brand,Jumia
864,Multifunctional Car Air Conditioner Air Outlet Phone Holder,484.0,30,339.0,,0,Non,Not a brand,Jumia
865,Car Multifunctional Mobile Phone Holder With Car Air Outlet,398.0,30,279.0,,0,Non,Not a brand,Jumia
866,（2pcs）2/5pcs Motorcycle  Lighter Socket USB 12V Waterproof Car Boat Power Outlet Socket Receptacle  Motorbike Power Plug  A35,676.0,23,520.0,,0,Non,Not a brand,Jumia
867,(Red With Wire)12V/24V Triple Aluminum Metal 60W USB-C,838.0,20,670.0,,0,Non,Not a brand,Jumia
868,(Adapter Cable 40CM)High-power Socket Car  Lighter Car,1058.0,21,840.0,,0,Non,Not a brand,Jumia
869,(NO SMOKING)Car  Outlet Cover Socket Plug Universal Eject,838.0,20,670.0,,0,Non,Not a brand,Jumia
870,Car Motorcycle Bike Waterproof  Lighter USB Power Charging Socket New,676.0,23,520.0,,0,Non,Not a brand,Jumia
871,915 Generation For IPhone 14 13 12 Charger Protective Case 18W 20W,161.28,47,84.84,,0,Non,Not a brand,Jumia
872,"Car Seat Storage Box With Cable Car USB Charger, Style:3-wire",1899.0,33,1279.0,4.0,1,Non,Not a brand,Jumia
873,Car Sunshade Anti-Reflective Phone Tablet Holder,1255.0,30,879.0,,0,Non,Not a brand,Jumia
874,Mobile Phone Stand Decorative Desk Accessories For Conferences Gold,319.0,29,228.0,,0,Non,Not a brand,Jumia
875,12V/24V  Lighter Adapter Plug Red Light Switch 1M Power Cord Car  Lighter Power Cable  Lighter Socket,676.0,23,520.0,,0,Non,Not a brand,Jumia
876,Universal Alloy Car Back Seat Smart Phone Tablet Holder Bracket Back Seat Phone Holder Car Bracket For iPad Car Accessories MEI,1960.0,43,1120.0,,0,Non,Not a brand,Jumia
877,360 Degree Rotate Car Cell Phone Holder Dashboard Sticking Universal Stand Mount Bracket For Mobile Phone Car accessories MEI,1920.0,44,1080.0,,0,Non,Not a brand,Jumia
878,Universal Windshield 90 Degrees Rotation Car Holder,427.0,30,299.0,,0,Non,Not a brand,Jumia
879,Air Vent Car Mount Phone Holder,355.0,30,249.0,,0,Non,Not a brand,Jumia
880,Car Instrument Panel Phone Holder Temporary Parking Card,541.0,30,379.0,,0,Non,Not a brand,Jumia
881,（60cm Cable）12V Car  Lighter Socket Waterproof Auto Boat Motorcycle Tractor Power Outlet Socket Receptacle Car Accessories Black,676.0,23,520.0,,0,Non,Not a brand,Jumia
882,（EU Plug）2021 AC 220V To DC 12V Car  Lighter Socket EU US Plug Converter Car  Lighter Adapter Car Accessories Dropship,676.0,23,520.0,,0,Non,Not a brand,Jumia
883,(QC3.0 Blue)Lighter Socket Car USB 12V-24V  Powerful,838.0,20,670.0,,0,Non,Not a brand,Jumia
884,(green)Car  Lighter Socket 12V Waterproof Auto Boat,838.0,20,670.0,,0,Non,Not a brand,Jumia
885,(Green)12V-24V Car  Lighter Waterproof Plug Socket Suitable,838.0,20,670.0,,0,Non,Not a brand,Jumia
886,USB Racing Handbrake,9855.0,30,6899.0,,0,Non,Not a brand,Jumia
887,(Only Cable)Car  Lighter Socket 12V Waterproof Auto Boat,838.0,20,670.0,,0,Non,Not a brand,Jumia
888,(White Add Wire)Lighter Socket Waterproof 12V Power Plug,838.0,20,670.0,,0,Non,Not a brand,Jumia
889,(C)150W Car Charger12V/24V 2Socket  Lighter Adapter Multi,1058.0,21,840.0,,0,Non,Not a brand,Jumia
890,1pc 12V 24V 10A Car Accessory Male  Lighter Socket Converter Plug Plastic And Metal,676.0,23,520.0,,0,Non,Not a brand,Jumia
891,（1pc）New Arrival 1PCS 12V-24v High Power Male Car  Lighter Socket Plug Connector With Red On/off Switch,676.0,23,520.0,,0,Non,Not a brand,Jumia
892,(Red)12V-24V 2 Port  Lighter Socket Splitter USB Car,838.0,20,670.0,,0,Non,Not a brand,Jumia
893,(orange)Universal 12V Car  Lighter Assembly Socket Power,962.0,20,770.0,,0,Non,Not a brand,Jumia
894,(Package B)Universal Motorcycle Car  Lighter Cover Metal,676.0,23,520.0,,0,Non,Not a brand,Jumia
895,（black）2pcs Dash Power Outlet Cover 12 Volt Power Outlet Plug With Chrome Pop-out Knob Dash Cover For Silverado Tahoe Sierra 2007-2013,676.0,23,520.0,,0,Non,Not a brand,Jumia
896,(only Cable)USB Car Motorcycle  Lighter QC 3.0 Dual USB,838.0,20,670.0,,0,Non,Not a brand,Jumia
897,(5pcs)2/5pcs Motorcycle Lighter Socket USB 12V,976.0,20,780.0,,0,Non,Not a brand,Jumia
898,（car Ashtray）Car Mini  Lighter Replacement 1J0 919 307 For VW Amarok 2010-2014 With Car Ashtray + Lighter Dust Plug,676.0,23,520.0,,0,Non,Not a brand,Jumia
899,(Blue 2 1A)Universal Portable Dual USB LED Digital Display,838.0,20,670.0,,0,Non,Not a brand,Jumia
900,(Blue1)12V 24V Car  Lighter Socket Adapter With Led Light,838.0,20,670.0,,0,Non,Not a brand,Jumia
901,(300CM)2019 New 12V 24V 10A Car Accessory Lighter,1072.0,21,850.0,,0,Non,Not a brand,Jumia
902,(Blue)Waterproof 12V-24V Mini Micro Dual USB Plug   Car,948.0,21,750.0,,0,Non,Not a brand,Jumia
903,(Red With Wire)Car  Lighter Socket Waterproof 12V-24V Auto,838.0,20,670.0,,0,Non,Not a brand,Jumia
904,（None Led Light）Black Color 12V 120W Motorcycle Car Boat Tractor Accessory Waterproof  Lighter Power Socket Plug Outlet Car-styling,676.0,23,520.0,,0,Non,Not a brand,Jumia
905,(Black)DIN To USB Adapter Portable Angled Motorcycle DIN,838.0,20,670.0,,0,Non,Not a brand,Jumia
906,(Red)4.2A Aluminum Dual USB Moto  Lighter Socket For BMW,1031.0,20,820.0,,0,Non,Not a brand,Jumia
907,(No Light With Wire)Car Lighter Socket 12V-24V,838.0,20,670.0,,0,Non,Not a brand,Jumia
908,(Blue)Outlet Plug Boat Motorcycle Car  Lighter Unviersal,935.0,21,740.0,,0,Non,Not a brand,Jumia
909,(Blue)12V Motorcycle Car  Lighter In Auto Outlet Plug Boat,838.0,20,670.0,,0,Non,Not a brand,Jumia
910,(Only Wire)Car  Lighter Socket Waterproof 12V-24V Auto Boat,838.0,20,670.0,,0,Non,Not a brand,Jumia
911,(Green Led Light)Black Color 12V 120W Motorcycle Car Boat,838.0,20,670.0,,0,Non,Not a brand,Jumia
912,(green Light)12V Car  Lighter Socket Waterproof Auto Boat,838.0,20,670.0,,0,Non,Not a brand,Jumia
913,(No Light With Wire)Car Lighter Socket Waterproof,838.0,20,670.0,,0,Non,Not a brand,Jumia
914,(Not Light With Cable)12V-24V Car  Lighter Socket,838.0,20,670.0,,0,Non,Not a brand,Jumia
915,(No Light With Wire)Car  Lighter Socket Waterproof 12V-24V,838.0,20,670.0,,0,Non,Not a brand,Jumia
916,(Red)12V-24V Car  Lighter Socket Motorcycle Car Auto Boat,838.0,20,670.0,,0,Non,Not a brand,Jumia
917,(Black 3 1A)Universal Portable Dual USB LED Digital Display,838.0,20,670.0,,0,Non,Not a brand,Jumia
918,(type 1 Red)Car  Lighter Sockets Dual USB Motorcycle,948.0,21,750.0,,0,Non,Not a brand,Jumia
919,(red)12V/24V Car 2 USB Sockets Power Plug Supply Outlet,838.0,20,670.0,,0,Non,Not a brand,Jumia
920,(Type 1 Blue)DC 12-24V 4.2A Dual USB Motorcycle  Lighter,948.0,21,750.0,,0,Non,Not a brand,Jumia
921,Gravity Air Vent Car Phone Holder Mount,1170.0,30,819.0,,0,Non,Not a brand,Jumia
922,Umbrella Stand Mobile Phone Holder,1211.0,17,1009.0,,0,Non,Not a brand,Jumia
923,Car Air Vent Mount Sucker Holder Stand,255.0,30,179.0,,0,Non,Not a brand,Jumia
924,Autotelefonhalter Bling Handyhalterung Für Auto Strass  Colorful,329.0,23,253.0,,0,Non,Not a brand,Jumia
925,Universal Car Air Vent Mount Phone Holder Stand,341.0,30,239.0,,0,Non,Not a brand,Jumia
926,"Small Umbrella Covers For, Phone Universal Rainproof",188.0,16,157.0,,0,Non,Not a brand,Jumia
927,Boneruy P61 Tablet Desktop Phone Holder,1898.0,30,1329.0,,0,Non,Not a brand,Jumia
928,Kleine Parapluhoezen Voor Telefoon Universele  Regenbestendige Blue,243.0,33,162.0,,0,Non,Not a brand,Jumia
929,Baby Mobile Rattle Mobile Wind  Rattle Toy  Mobile For Crib Pink,688.0,17,573.0,,0,Non,Not a brand,Jumia
930,Phone Umbrella Stand Suction Cup,1230.0,17,1025.0,,0,Non,Not a brand,Jumia
931,(green)12V-24V 2 Port  Lighter Socket Splitter USB Car,838.0,20,670.0,,0,Non,Not a brand,Jumia
932,915 Generation 036103464G Car Crankcase Oil Breather Separator Filter for,2246.58,47,1182.3,,0,Non,Not a brand,Jumia
933,For 14 13 12 Charger Protective Case 18W 20W Sil,189.42,35,122.22,,0,Non,Not a brand,Jumia
934,(3 USB 1 TYPE-C)Extractme Lighter Socket 4 Port USB,1498.0,21,1190.0,,0,Non,Not a brand,Jumia
935,Vieruodis Lead Cable Plug Wire Bumper  Lighter 200cm DC 12V Car Cooler Cool Box Mini Fridge 2 Pin Plug For Going Out,676.0,23,520.0,,0,Non,Not a brand,Jumia
936,Baby Stroller Hanging Toys Sensory Learning Activity Wind Purple,434.0,17,362.0,,0,Non,Not a brand,Jumia
937,Montessori Mobile Toy Focus Exercises Toy Handmade Need To Assemble,445.0,29,318.0,,0,Non,Not a brand,Jumia
938,(USB With Panel)12 Volt Car Backlight Adapter Watch,1058.0,21,840.0,,0,Non,Not a brand,Jumia
939,Decorative Phone Umbrella Sun Shade Universal For Outdoor Black,213.0,23,164.0,,0,Non,Not a brand,Jumia
940,Ring Phone Metal Holder,227.0,30,159.0,,0,Non,Not a brand,Jumia
941,"Honor X8 Dual Sim, 128GB, 6GB RAM, 4G LTE - Titanium Silver",10924.0,12,9659.0,4.0,1,Non,Not a brand,Jumia
942,Vivo V27e - 6.62-inch 256GB/8GB Dual Sim 4G Mobile Phone - Lavender Purple,12999.0,15,10999.99,,0,Non,Not a brand,Jumia
943,realme C33 4G 128GB - Sandy Gold,5799.0,6,5450.0,3.0,1,Non,Not a brand,Jumia
944,"OPPO A96, 6.59"", 256GB, 8GB RAM, 5000 MAh - Sunset Blue",11499.0,7,10684.0,5.0,1,Non,Not a brand,Jumia
945,"OPPO Reno 7, 6.43 Inch, 256GB 8GB, 4G - Sunset Orange",12499.0,10,11199.0,,0,Non,Not a brand,Jumia
946,Samsung GALAXY A24  6GB RAM 128GB ROM,9000.0,7,8350.0,,0,Non,Not a brand,Jumia
947,realme 9i- 6.6-inch 128GB/4GB Dual SIM 4G  - Prism Blue,7704.0,8,7096.0,5.0,1,Non,Not a brand,Jumia
948,Samsung Galaxy M52 - 6.7-inch 128GB/8GB Dual SIM 5G Mobile Phone -White,12499.0,8,11499.0,5.0,1,Non,Not a brand,Jumia
949,"Samsung Galaxy A13 4GB Ram, 128GB Made In Egypt - Blue",7474.0,6,7014.0,,0,Non,Not a brand,Jumia
950,XIAOMI Redmi 10 2022- 6.5-inch 128GB/6GB Mobile Phone - Carbon Gray,9599.0,22,7499.0,,0,Non,Not a brand,Jumia
951,Honor X8 - 6.7 Inch - 6GB/128G RAM - 4G LTE - Dual SIM Mobile Phone - Black,8499.0,5,8099.0,,0,Non,Not a brand,Jumia
952,Huawei Nova Y91 - 6.95 -inch 8GB/256GB Dual Sim 4G Mobile Phone - Moonlight Silver,15999.0,28,11499.99,,0,Non,Not a brand,Jumia
953,"realme C21-Y Dual SIM, 4GB Ram, 64GB, 5000mAh Battery  - Cross Black",5749.0,14,4944.0,,0,Non,Not a brand,Jumia
954,XIAOMI Redmi Note 12S - 8/256 - Mobile Phone -Green,10499.0,0,10499.0,,0,Non,Not a brand,Jumia
955,OPPO A77s - 6.56-inch 128GB/8GB Dual SIM 4G Mobile Phone - Sky Blue (D),8444.0,4,8099.99,4.5,10,official_store,oppo,Jumia
956,OPPO Reno6 4G - 6.4-inch 128GB/8GB Dual SIM Mobile Phone - Black,13499.0,7,12499.0,,0,Non,Not a brand,Jumia
957,Honor X8A - 6.7-inch 8GB/128GB Dual Sim 4G Mobile Phone - Cyan Lake,11999.0,16,10099.99,,0,Non,Not a brand,Jumia
958,"OPPO Reno 8T 6.43 Inches, - 256GB/8GB - Black",14444.0,20,11499.0,,0,Non,Not a brand,Jumia
959,XIAOMI Redmi 10 2022- 6.5-inch 128GB/6GB Mobile Phone - Pebble White,9599.0,22,7499.0,,0,Non,Not a brand,Jumia
960,Redmi XIAOMI Redmi 12 - 6.79-inch 128GB/8GB Dual SIM Mobile Phone - Midnight Black,7399.0,0,7399.0,,0,Non,Not a brand,Jumia
961,Apple Iphone 13 With Facetime/128GB/Blue,34900.0,11,30990.0,,0,Non,Not a brand,Jumia
962,"Nokia C21 Plus 3GB Ram, 64GB - Dark Cyan",5749.0,16,4829.0,4.0,1,Non,Not a brand,Jumia
963,Samsung Galaxy A34 - 6.6 Inches - 8GB Ram - 128GB Internal Memory – 5G – Double Sim Mobile - Awesome Graphite,12120.0,8,11100.0,,0,Non,Not a brand,Jumia
964,Nokia C10 2GB Ram 32GB Memory - Light Purple,4599.0,30,3219.0,,0,Non,Not a brand,Jumia
965,"Iku A6 2022, 32GB, 1GB RAM, 5.5"" Inches, 2000mAh - Gold",3794.0,15,3219.0,,0,Non,Not a brand,Jumia
966,Itel It2160 - 1.77-inch Dual SIM Mobile Phone - Black + Free Mobile Holder,750.0,20,599.0,4.0,12,Non,Not a brand,Jumia
967,Nokia C1 2nd Edition 1GB Ram 16GB Memory - Purple,3104.0,22,2414.0,,0,Non,Not a brand,Jumia
968,realme Realme C55 - 256GB/8GB - 6.72 Inch - Rainy Night,8888.0,7,8299.0,,0,Non,Not a brand,Jumia
969,（black）Car  Lighter Plug Car Accessories Inside 15A 12V 24V Universal Automotive Electric Appliances With Indicator Light,676.0,23,520.0,,0,Non,Not a brand,Jumia
970,General HAMA Car Charger - USB-C - Power Delivery - PD - Qualcomm + USE-A - 30W - Black HAMA210589,650.0,0,650.0,,0,Non,Not a brand,Jumia
971,2x Baby Crib Mobile Decor Bed Bell Hanging Handmade For Newborn Girl,1296.0,33,864.0,,0,Non,Not a brand,Jumia
972,Battery Operated   Crib Bed Sleeping,498.0,29,356.0,,0,Non,Not a brand,Jumia
973,Car Audio Speakers Wiring Kits,841.0,30,589.0,,0,Non,Not a brand,Jumia
974,(Green Add Wire)Lighter Socket Waterproof 12V Power Plug,838.0,20,670.0,,0,Non,Not a brand,Jumia
975,1Pcs 12V 24V EU Plug Motorcycle  Lighter Refit Accessory Socket To  Lighter Converter For BMW Motorcycle,676.0,23,520.0,,0,Non,Not a brand,Jumia
976,Hot Sale 12V/24V 3.5M  Lighter Extension Cord Wire Car  Lighter Plug Socket Extension Cable Copper Wire,840.0,23,646.0,,0,Non,Not a brand,Jumia
977,(Blue)Car  Lighter Socket 12V-24V Waterproof Plug Power,838.0,20,670.0,,0,Non,Not a brand,Jumia
978,(Red With Cable)PD Type C Car USB Socket QC3.0 12V/24V Car,1031.0,20,820.0,,0,Non,Not a brand,Jumia
979,（1.5m）12V 24V DC Car   Lighter Plug Pre Wired Male Connector 20A Fd With 0.6m 1.5m 4m Wire Car Accessories,794.0,23,611.0,,0,Non,Not a brand,Jumia
980,(196-Blue)Portable DIN To USB Outlet DIN Socket USB,1210.0,21,960.0,,0,Non,Not a brand,Jumia
981,(110-Red)4.2A Aluminum Dual USB Moto  Lighter Socket For,1031.0,20,820.0,,0,Non,Not a brand,Jumia
982,(Model J)1Pcs Universal Car Lighter On Cover Aluminum,838.0,20,670.0,,0,Non,Not a brand,Jumia
983,(Only Wire)Car  Lighter Socket Waterproof 12V-24V Auto Boat,838.0,20,670.0,,0,Non,Not a brand,Jumia
984,(Green)Car Motorcycle  Lighter Socket QC 3.0 Dual USB,838.0,20,670.0,,0,Non,Not a brand,Jumia
985,(Green Cable Hole Saw)Dual USB Motorcycle  Lighter Car,838.0,20,670.0,,0,Non,Not a brand,Jumia
986,(Golden)4.2A Aluminum Dual USB Moto  Lighter Socket For BMW,1031.0,20,820.0,,0,Non,Not a brand,Jumia
987,(No Light)12V Dual USB Car Lighter Socket Splitter,838.0,20,670.0,,0,Non,Not a brand,Jumia
988,（4Pcs Red Light）4pcs/lot 12V Car  Lighter Socket Auto Boat Motorcycle Tractor Power Outlet Socket Waterproof Receptacle Car Accessories,676.0,23,520.0,,0,Non,Not a brand,Jumia
989,（Red2）12V 24V Car  Lighter Socket Adapter With Led Light Waterproof For Auto Boat Motorcycle Tractor Power Outlet Plug,676.0,23,520.0,,0,Non,Not a brand,Jumia
990,(3 In 1 Cable)12V-24V Dual USB Port 3 Way Auto Car,838.0,20,670.0,,0,Non,Not a brand,Jumia
991,(White Add Wire)12V/24V Waterproof Dual USB Ports Car,838.0,20,670.0,,0,Non,Not a brand,Jumia
992,1pc 4in1 DC 12V/24V Doul USB Multi Socket Car  Lighter,1086.0,21,860.0,,0,Non,Not a brand,Jumia
993,(Blue With Cable)PD Type C Car USB Socket QC3.0 12V/24V Car,1003.0,20,800.0,,0,Non,Not a brand,Jumia
994,(RED)2019 New Arrive  Lighter Socket Splitter 12V-24V 2,838.0,20,670.0,,0,Non,Not a brand,Jumia
995,(NO SMOKING)Car Outlet Cover Socket Plug Universal,838.0,20,670.0,,0,Non,Not a brand,Jumia
996,(4Pcs Blue Light)4pcs/lot 12V Car  Lighter Socket Auto Boat,676.0,23,520.0,,0,Non,Not a brand,Jumia
997,（1M）5M 12V Car Extension Cable For  Lighter Car  Lighter Male And Female Socket Extension Cord Cable Adapter,676.0,23,520.0,,0,Non,Not a brand,Jumia
998,Upgrade Car Air Vent Clip 13MM 15MM 17MM Ball Head For Outlets Magnet Car Phone Holder Stand,1275.0,42,740.0,,0,Non,Not a brand,Jumia
999,(Red)Modified 4.2A 12V-24V Car Motorcycle  Lighter Dual USB,838.0,20,670.0,,0,Non,Not a brand,Jumia
1000,(Red Cable Hole Saw)Dual USB Motorcycle  Lighter Car,838.0,20,670.0,,0,Non,Not a brand,Jumia
1001,(Blue)Car  Lighter Socket 12V-24V Waterproof Plug Power,935.0,21,740.0,,0,Non,Not a brand,Jumia
1002,(Blue1)12V 24V Car  Lighter Socket Adapter With Led Light,838.0,20,670.0,,0,Non,Not a brand,Jumia
1003,(Green With Wire)12V/24V Triple Aluminum Metal 60W USB-C,838.0,20,670.0,,0,Non,Not a brand,Jumia
1004,(Black With Wire)12V/24V Triple Aluminum Metal 60W USB-C,962.0,20,770.0,,0,Non,Not a brand,Jumia
1005,(Type-1 Red)4 In 1 LED Digital 12V  Lighter Socket USB,838.0,20,670.0,,0,Non,Not a brand,Jumia
1006,(Black)2019 New  Lighter Socket Splitter 12V-24V 2 Port USB,1155.0,20,920.0,,0,Non,Not a brand,Jumia
1007,(No Lighter(Red))Waterproof Panel Type C PD Socket Adapter,1100.0,20,880.0,,0,Non,Not a brand,Jumia
1008,(110-Golden)4.2A Aluminum Dual USB Moto  Lighter Socket For,1031.0,20,820.0,,0,Non,Not a brand,Jumia
1009,(No Light)12V Car  Lighter Socket Waterproof Auto Boat,838.0,20,670.0,,0,Non,Not a brand,Jumia
1010,(GN Lighter And Cable)Dual USB Motorcycle  Lighter Car,838.0,20,670.0,,0,Non,Not a brand,Jumia
1011,(Black)Dual USB Port 3 Way Auto Car  Lighter Socket,838.0,20,670.0,,0,Non,Not a brand,Jumia
1012,(110-Black)4.2A Aluminum Dual USB Moto  Lighter Socket For,1031.0,20,820.0,,0,Non,Not a brand,Jumia
1013,(type 1 Green)Car  Lighter Sockets Dual USB Motorcycle,948.0,21,750.0,,0,Non,Not a brand,Jumia
1014,Universal Auto Car 21mm 22mm 12V Power Socket Lighter  Outlet Cover Cap,676.0,23,520.0,,0,Non,Not a brand,Jumia
1015,(white)New Arrival 12-24V Universal Car Auto  Lighter Dual,838.0,20,670.0,,0,Non,Not a brand,Jumia
1016,(type A)2 USB Port 3 Way Car  Lighter Socket Splitter,838.0,20,670.0,,0,Non,Not a brand,Jumia
1017,(type 1 Red)Car  Lighter Sockets Dual USB Motorcycle,948.0,21,750.0,,0,Non,Not a brand,Jumia
1018,(Red)Aluminum Car  Lighter On FIRE MISSILE EJECT PANIC On,838.0,20,670.0,,0,Non,Not a brand,Jumia
1019,(Adapter Cable 40CM)High-power Socket Car  Lighter Car,1086.0,21,860.0,,0,Non,Not a brand,Jumia
1020,（Black）For BMW R1200GS R1200RT F800GS F650GS F700GS ADV Car  Lighter Socket Waterproof Plug Power Outlet Adapter Usb3.3A,676.0,23,520.0,,0,Non,Not a brand,Jumia
1021,(Red)Colorful 12V 120W Power S Lighter Socket Plug For Car,962.0,20,770.0,,0,Non,Not a brand,Jumia
1022,(with 2 In 1 Cable)12V-24V Dual USB Port 3 Way Auto Car,838.0,20,670.0,,0,Non,Not a brand,Jumia
1023,(Blue2)12V 24V Car  Lighter Socket Adapter With Led Light,838.0,20,670.0,,0,Non,Not a brand,Jumia
1024,(Black)4.2A Aluminum Dual USB Moto  Lighter Socket For BMW,1031.0,20,820.0,,0,Non,Not a brand,Jumia
1025,(Black)Car  Outlet Cover Socket Plug Universal Eject Fire,838.0,20,670.0,,0,Non,Not a brand,Jumia
1026,5V 2A USB To 12V 8W  Lighter Socket USB Male To Female  Lighter Adapter Converter,676.0,23,520.0,,0,Non,Not a brand,Jumia
1027,(Orange Add Wire)Lighter Socket Waterproof 12V Power Plug,838.0,20,670.0,,0,Non,Not a brand,Jumia
1028,(Green Led With Cable)Black Color 12V 120W Motorcycle Car,838.0,20,670.0,,0,Non,Not a brand,Jumia
1029,(Blue)Lighter Socket Splitter12V/24V Dual USB Outlet,935.0,21,740.0,,0,Non,Not a brand,Jumia
1030,3 Way Car  Lighter Socket Splitter 12V 24V Multi USB Car,1182.0,20,940.0,,0,Non,Not a brand,Jumia
1031,（Green Led With Cable）Black Color 12V 120W Motorcycle Car Boat Tractor Accessory Waterproof  Lighter Power Socket Plug Outlet Car-styling,676.0,23,520.0,,0,Non,Not a brand,Jumia
1032,(Red Add Wire)Lighter Socket Waterproof 12V Power Plug,838.0,20,670.0,,0,Non,Not a brand,Jumia
1033,(4M)igarette Lighter Extension Cord 12V 24V DC Heavy Duty,1113.0,20,890.0,,0,Non,Not a brand,Jumia
1034,(Red With Wire)Car  Lighter Socket Waterproof 12V-24V Auto,838.0,20,670.0,,0,Non,Not a brand,Jumia
1035,(Red)Lighter Socket Waterproof 12V Power Plug Outlet,838.0,20,670.0,,0,Non,Not a brand,Jumia
1036,（2pcs）1 Pcs Car  Lighter Plug Socket Protector Cover Cap Durable For BMW Honda Skoda VW 33x26mm Auto Car Accessories,676.0,23,520.0,,0,Non,Not a brand,Jumia
1037,(Blue)Car  Lighter Socket Waterproof 12V-24V Auto Boat,838.0,20,670.0,,0,Non,Not a brand,Jumia
1038,(Blue With 2 In 1)2019 New Arrive  Lighter Socket Splitter,838.0,20,670.0,,0,Non,Not a brand,Jumia
1039,(Black)High Quality 12V Wire Adapter Plug Socket Lead,935.0,21,740.0,,0,Non,Not a brand,Jumia
1040,（Green Light）12V Car  Lighter Socket Waterproof Auto Boat Motorcycle Tractor Power Outlet Socket Receptacle Car Accessories Black,676.0,23,520.0,,0,Non,Not a brand,Jumia
1041,(Rectangle Style-B)12 Volt Car Backlight Adapter Watch,1072.0,21,850.0,,0,Non,Not a brand,Jumia
1042,(Red)12V/24V Dual USB Outlet PD3.0 & QC3.0 USB C Car Fast,990.0,20,790.0,,0,Non,Not a brand,Jumia
1043,(Black )12V Universal Car  Lighter On Cover Accessories No,838.0,20,670.0,,0,Non,Not a brand,Jumia
1044,(blue)Universal 12V Car  Lighter Assembly Socket Power,962.0,20,770.0,,0,Non,Not a brand,Jumia
1045,(Yellow Add Wire)12V/24V Waterproof Dual USB Ports Car,838.0,20,670.0,,0,Non,Not a brand,Jumia
1046,(Red)12V/24V Triple Aluminum Metal 60W USB-C Multiple Car,676.0,23,520.0,,0,Non,Not a brand,Jumia
1047,12V 24V Car  Lighter Adapte Cable Plug Socket With ON-OFF Switch On,676.0,23,520.0,,0,Non,Not a brand,Jumia
1048,(110-Blue)4.2A Aluminum Dual USB Moto  Lighter Socket For,1031.0,20,820.0,,0,Non,Not a brand,Jumia
1049,(black)120W Auto Car  Lighter Splitter Socket Dual USB,1072.0,21,850.0,,0,Non,Not a brand,Jumia
1050,(Red)4 In 1 New Digital +12V Power Socket +Dual USB Power,838.0,20,670.0,,0,Non,Not a brand,Jumia
1051,(Red)12V/24V Triple Aluminum Metal 60W USB-C Multiple Car,838.0,20,670.0,,0,Non,Not a brand,Jumia
1052,(lighter Cable)Waterproof Power 12V 24V 120W Motorcycle,838.0,20,670.0,,0,Non,Not a brand,Jumia
1053,(197)4.2A Aluminum Dual USB Moto  Lighter Socket For BMW,1031.0,20,820.0,,0,Non,Not a brand,Jumia
1054,(Red With 2 In 1)2019 New Arrive  Lighter Socket Splitter,838.0,20,670.0,,0,Non,Not a brand,Jumia
1055,(black)Car  Lighter Socket 12V-24V Waterproof Plug Power,838.0,20,670.0,,0,Non,Not a brand,Jumia
1056,(White Add Wire)Lighter Socket Waterproof 12V Power Plug,838.0,20,670.0,,0,Non,Not a brand,Jumia
1057,(Green With Cable)12V-24V Car  Lighter Socket Motorcycle,838.0,20,670.0,,0,Non,Not a brand,Jumia
1058,(QC 3.0 Green)USB Car Motorcycle  Lighter QC 3.0 Dual USB,838.0,20,670.0,,0,Non,Not a brand,Jumia
1059,(black)10A 12V 24V Universal Automotive Electric Appliances,838.0,20,670.0,,0,Non,Not a brand,Jumia
1060,(Lighter)Car  Lighter Socket Plug Connector Adapter USB 5V,838.0,20,670.0,,0,Non,Not a brand,Jumia
1061,（5M）5M Car  Lighter Socket Extension Cable Heavy Duty 12v   Lighter Extension Cable Car Power Plug Socket Adapter,676.0,23,520.0,,0,Non,Not a brand,Jumia
1062,(black)2 Way Car  Lighter Splitter Multi Socket Dual USB,838.0,20,670.0,,0,Non,Not a brand,Jumia
1063,(Orange)12V-24V Car  Lighter Socket Motorcycle Car Auto,838.0,20,670.0,,0,Non,Not a brand,Jumia
1064,1 Pcs 12V 24V EU Plug For BMW Motorcycle  Lighter Short Socket Adaptor Converter For Mobile Phone  Etc 120W 20A,676.0,23,520.0,,0,Non,Not a brand,Jumia
1065,"(1pc)12V24V Replacement  Lighter Plug With Copper Wire, Car",676.0,23,520.0,,0,Non,Not a brand,Jumia
1066,(black)-Lighter Assembly Car -Lighter Bezel Set 98AG15052AB,1045.0,21,830.0,,0,Non,Not a brand,Jumia
1067,(Blue)New 12V 120W High Quality  Lighter Practical Secure,838.0,20,670.0,,0,Non,Not a brand,Jumia
1068,(Red)12V/24V Triple Aluminum Metal 60W USB-C Multiple Car,838.0,20,670.0,,0,Non,Not a brand,Jumia
1069,（White Add Wire） Lighter Socket Waterproof 12V Power Plug Outlet Receptacle For Car Marine Motorcycle ATV RV Socket Power Outlet,676.0,23,520.0,,0,Non,Not a brand,Jumia
1070,(Green Light)12V Car  Lighter Socket Waterproof Auto Boat,838.0,20,670.0,,0,Non,Not a brand,Jumia
1071,(Orange With Cable)12V-24V Car  Lighter Socket Motorcycle,838.0,20,670.0,,0,Non,Not a brand,Jumia
1072,(Blue)Car  Lighter Socket Waterproof 12V-24V Auto Boat,838.0,20,670.0,,0,Non,Not a brand,Jumia
1073,(Blue)Car  Lighter Socket 12V Waterproof Auto Boat,838.0,20,670.0,,0,Non,Not a brand,Jumia
1074,(Red Led Light)Black Color 12V 120W Motorcycle Car Boat,838.0,20,670.0,,0,Non,Not a brand,Jumia
1075,(4m)12V 24V DC Car  Lighter Plug Pre Wired Male,1058.0,21,840.0,,0,Non,Not a brand,Jumia
1076,（1.5 Meter）Universal 2 Way Car  Lighter Socket Splitter Auto  Lighter 1 To 2 Adpater Plug,676.0,23,520.0,,0,Non,Not a brand,Jumia
1077,Universal 3 Way Multi Socket Car  Lighter Splitter USB Plug,748.0,23,576.0,,0,Non,Not a brand,Jumia
1078,DC 12V 24V Male Car  Lighter Socket Plug Connector On/Off Switch With 3m Cable Vehicle Car Power For DFans,676.0,23,520.0,,0,Non,Not a brand,Jumia
1079,(White)Lighter Socket Waterproof 12V Power Plug Outlet,838.0,20,670.0,,0,Non,Not a brand,Jumia
1080,(Without Lighter-B)12 Volt Car Backlight Adapter Watch,1072.0,21,850.0,,0,Non,Not a brand,Jumia
1081,(Red With 2 In 1)2019 New Arrive  Lighter Socket Splitter,838.0,20,670.0,,0,Non,Not a brand,Jumia
1082,(196-Golden)Portable DIN To USB Outlet DIN Socket USB,1237.0,20,990.0,,0,Non,Not a brand,Jumia
1083,(GREEN)SALE 4 In 1 Car  Lighter Digital  Dual Usb Power,838.0,20,670.0,,0,Non,Not a brand,Jumia
1084,(EU Plug)220V To 12V  Lighter Socket Adapter Converter,1017.0,20,810.0,,0,Non,Not a brand,Jumia
1085,（black）Car  Lighter 1J0 919 307 Fits For VW Passat 1997-2014A3/S3 2013-2014   Lighter Assy Replacement,676.0,23,520.0,,0,Non,Not a brand,Jumia
1086,(Red With Wire)12V/24V Triple Aluminum Metal 60W USB-C,838.0,20,670.0,,0,Non,Not a brand,Jumia
1087,(196-Golden)Portable DIN To USB Outlet DIN Socket USB,1210.0,21,960.0,,0,Non,Not a brand,Jumia
1088,（black）Car Dual Qc3.0 USB Power Adapter Car  Lighter Digital  Outlet 3 Hole Panel Dustproof Waterproof 12V,931.0,23,716.0,,0,Non,Not a brand,Jumia
1089,（Grey）3 In 1 Dual USB Car  Lighter Socket Splitter Plug 3  Lighter Car USB Plug Voltage For IPhone Samsung,759.0,23,584.0,,0,Non,Not a brand,Jumia
1090,Universal DC 12-24V 180W With F Black+Red High Power 3 Way,948.0,21,750.0,,0,Non,Not a brand,Jumia
1091,(93-Golden)Mini QC3.0 Quick Charge DIN USB Power Adapter,1237.0,20,990.0,,0,Non,Not a brand,Jumia
1092,(white)2.1A QC3.0 4 USB Car Charger 12-32V Car Adapter,838.0,20,670.0,,0,Non,Not a brand,Jumia
1093,(Type A Blue 1pc)12-24V USB Car Charge USB Auto Socket,1333.0,20,1060.0,,0,Non,Not a brand,Jumia
1094,(Orange Add Cable)2.1A & 2.1A Dual USB Charger Socket Power,838.0,20,670.0,,0,Non,Not a brand,Jumia
1095,(NO SMOKING Red)Metal  Lighter Cover Car And Motorcycle,838.0,20,670.0,,0,Non,Not a brand,Jumia
1096,(Blue)QC3.0 36W USB Quick Charger Car Motorcycle Dual Auto,838.0,20,670.0,,0,Non,Not a brand,Jumia
1097,(Blue With Wire)Quick Charge 3.0 Dual USB Charger Socket,976.0,20,780.0,,0,Non,Not a brand,Jumia
1098,(Red)12V 24v Car Charger QC3.0 Fast Charging 3USB  Lighter,838.0,20,670.0,,0,Non,Not a brand,Jumia
1099,(Green Add Wire)Dual USB Charger Socket 5V/4.2A USB Car,921.0,21,730.0,,0,Non,Not a brand,Jumia
1100,(red )Car  USB Lighter Digital  Dual USB Power Charger 12V,935.0,21,740.0,,0,Non,Not a brand,Jumia
1101,(Red Add Wire)USB Car Charger Socket Dual QC3.0 Port Quick,976.0,20,780.0,,0,Non,Not a brand,Jumia
1102,(Blue)12V/24V Waterproof Dual USB Ports Car  Charger Socket,838.0,20,670.0,,0,Non,Not a brand,Jumia
1103,(Red)QC3.0 Dual USB Car Charger Waterproof Socket With,948.0,21,750.0,,0,Non,Not a brand,Jumia
1104,(Type 2 Black)12V-24V Car  Lighter Socket Splitter Charger,948.0,21,750.0,,0,Non,Not a brand,Jumia
1105,(Blue Add Wire)Quick Charge 3.0 Dual USB Car Charger Socket,838.0,20,670.0,,0,Non,Not a brand,Jumia
1106,(Red 2 In 1 Set)12V USB C Car Charger  Lighter Socket,935.0,21,740.0,,0,Non,Not a brand,Jumia
1107,(Type 1 Black)Car  Lighter Socket Splitter Charger Dual USB,1058.0,21,840.0,,0,Non,Not a brand,Jumia
1108,(93-Blue)Mini QC3.0 Quick Charge DIN USB Power Adapter DIN,1210.0,21,960.0,,0,Non,Not a brand,Jumia
1109,(Yellow)12V/24V Waterproof Dual USB Ports Car  Charger,838.0,20,670.0,,0,Non,Not a brand,Jumia
1110,(Green No Wire)Dual USB Charger Socket 5V/4.2A USB Car,921.0,21,730.0,,0,Non,Not a brand,Jumia
1111,(white)Universal  Lighter Car Charger USB Vehicle DC12V-32V,1031.0,20,820.0,,0,Non,Not a brand,Jumia
1112,(Green)4.2A Dual USB Fast Charger With Switch Socket Power,838.0,20,670.0,,0,Non,Not a brand,Jumia
1113,(Red)Car Charger 2 USB Port 3.1A 5V Phone Charging Auto SUV,838.0,20,670.0,,0,Non,Not a brand,Jumia
1114,(red)Universal  Lighter Car Charger USB Vehicle DC12V-32V,1031.0,20,820.0,,0,Non,Not a brand,Jumia
1115,(Q15-Orange)2022New Car Fast Charger Auto Charger Quick,990.0,20,790.0,,0,Non,Not a brand,Jumia
1116,(Silver)3.1A 1A Dual USB Car Charger Universal 12V Car,838.0,20,670.0,,0,Non,Not a brand,Jumia
1117,(type 2 Red)Dual Usb Car Charger Socket 12V-24V Car,1086.0,21,860.0,,0,Non,Not a brand,Jumia
1118,(red Light N Cable)Universal  Lighter Car Charger USB,838.0,20,670.0,,0,Non,Not a brand,Jumia
1119,(White Light)36W Quick Charge 3.0 USB Car Charger Socket,990.0,20,790.0,,0,Non,Not a brand,Jumia
1120,2 PCS Windshield Washer Wiper Jet Water Spray Nozzle Buckle,270.0,30,189.0,,0,Non,Not a brand,Jumia
1121,(NO SMOKING Red)Metal  Lighter Cover Car And Motorcycle,838.0,20,670.0,,0,Non,Not a brand,Jumia
1122,(Blue)QC3.0 36W USB Quick Charger Car Motorcycle Dual Auto,838.0,20,670.0,,0,Non,Not a brand,Jumia
1123,(Blue With Wire)Quick Charge 3.0 Dual USB Charger Socket,976.0,20,780.0,,0,Non,Not a brand,Jumia
1124,(Red)12V 24v Car Charger QC3.0 Fast Charging 3USB  Lighter,838.0,20,670.0,,0,Non,Not a brand,Jumia
1125,(Green Add Wire)Dual USB Charger Socket 5V/4.2A USB Car,921.0,21,730.0,,0,Non,Not a brand,Jumia
1126,(red )Car  USB Lighter Digital  Dual USB Power Charger 12V,935.0,21,740.0,,0,Non,Not a brand,Jumia
1127,(Red Add Wire)USB Car Charger Socket Dual QC3.0 Port Quick,976.0,20,780.0,,0,Non,Not a brand,Jumia
1128,(Blue)12V/24V Waterproof Dual USB Ports Car  Charger Socket,838.0,20,670.0,,0,Non,Not a brand,Jumia
1129,(Red)QC3.0 Dual USB Car Charger Waterproof Socket With,948.0,21,750.0,,0,Non,Not a brand,Jumia
1130,(Type 2 Black)12V-24V Car  Lighter Socket Splitter Charger,948.0,21,750.0,,0,Non,Not a brand,Jumia
1131,(Blue Add Wire)Quick Charge 3.0 Dual USB Car Charger Socket,838.0,20,670.0,,0,Non,Not a brand,Jumia
1132,(Red 2 In 1 Set)12V USB C Car Charger  Lighter Socket,935.0,21,740.0,,0,Non,Not a brand,Jumia
1133,(Type 1 Black)Car  Lighter Socket Splitter Charger Dual USB,1058.0,21,840.0,,0,Non,Not a brand,Jumia
1134,(93-Blue)Mini QC3.0 Quick Charge DIN USB Power Adapter DIN,1210.0,21,960.0,,0,Non,Not a brand,Jumia
1135,(Yellow)12V/24V Waterproof Dual USB Ports Car  Charger,838.0,20,670.0,,0,Non,Not a brand,Jumia
1136,(Green No Wire)Dual USB Charger Socket 5V/4.2A USB Car,921.0,21,730.0,,0,Non,Not a brand,Jumia
1137,(white)Universal  Lighter Car Charger USB Vehicle DC12V-32V,1031.0,20,820.0,,0,Non,Not a brand,Jumia
1138,(Green)4.2A Dual USB Fast Charger With Switch Socket Power,838.0,20,670.0,,0,Non,Not a brand,Jumia
1139,(Red)Car Charger 2 USB Port 3.1A 5V Phone Charging Auto SUV,838.0,20,670.0,,0,Non,Not a brand,Jumia
1140,(red)Universal  Lighter Car Charger USB Vehicle DC12V-32V,1031.0,20,820.0,,0,Non,Not a brand,Jumia
1141,(Q15-Orange)2022New Car Fast Charger Auto Charger Quick,990.0,20,790.0,,0,Non,Not a brand,Jumia
1142,(Silver)3.1A 1A Dual USB Car Charger Universal 12V Car,838.0,20,670.0,,0,Non,Not a brand,Jumia
1143,(type 2 Red)Dual Usb Car Charger Socket 12V-24V Car,1086.0,21,860.0,,0,Non,Not a brand,Jumia
1144,(red Light N Cable)Universal  Lighter Car Charger USB,838.0,20,670.0,,0,Non,Not a brand,Jumia
1145,(White Light)36W Quick Charge 3.0 USB Car Charger Socket,990.0,20,790.0,,0,Non,Not a brand,Jumia
1146,2 PCS Windshield Washer Wiper Jet Water Spray Nozzle Buckle,270.0,30,189.0,,0,Non,Not a brand,Jumia
1147,(Green Add Wire)12V/24V Dual Port USB Car Charger Quick,935.0,21,740.0,,0,Non,Not a brand,Jumia
1148,(gold)USB Car Charger Fast Charging Dual USB Adapter 3.1A,838.0,20,670.0,,0,Non,Not a brand,Jumia
1149,(5USB Black)2.1A QC3.0 4 USB Car Charger 12-32V Car Adapter,838.0,20,670.0,,0,Non,Not a brand,Jumia
1150,(white)12-24V Fast Car Charger With 3-In-1 Splitter USB,838.0,20,670.0,,0,Non,Not a brand,Jumia
1151,(Red Add Wire)4.2A Dual USB Fast Charger With Switch Socket,838.0,20,670.0,,0,Non,Not a brand,Jumia
1152,(Red)12V/24V Triple USB C Car Charger Socket USB Outlets,1058.0,21,840.0,,0,Non,Not a brand,Jumia
1153,(93-Red)Mini QC3.0 Quick Charge DIN USB Power Adapter DIN,1210.0,21,960.0,,0,Non,Not a brand,Jumia
1154,(Blue)USB Universal Car Charger  Lighter FOR  Chery Tiggo,838.0,20,670.0,,0,Non,Not a brand,Jumia
1155,(120W Socket Red)Car Adapter To Din Hella Charger  Lighter,838.0,20,670.0,,0,Non,Not a brand,Jumia
1156,(QC3.0 Red)4.2A Dual USB Fast Charger With Switch Socket,838.0,20,670.0,,0,Non,Not a brand,Jumia
1157,(Green Add Cable)2.1A & 2.1A Dual USB Charger Socket Power,838.0,20,670.0,,0,Non,Not a brand,Jumia
1158,(White With Wire)4.2A Dual USB Charger Socket Power Outlet,838.0,20,670.0,,0,Non,Not a brand,Jumia
1159,(red Led)Dual USB Car Charger Cover For Motorcycle Auto,838.0,20,670.0,,0,Non,Not a brand,Jumia
1160,(1 Pcs Green)Quick Charge Dual USB Car Charger For IPhone,948.0,21,750.0,,0,Non,Not a brand,Jumia
1161,(Green Led With Cable)Black Color 12V 120W Motorcycle Car,838.0,20,670.0,,0,Non,Not a brand,Jumia
1162,(Red)12V-24V Car  Lighter Socket Motorcycle Car Auto Boat,838.0,20,670.0,,0,Non,Not a brand,Jumia
1163,1 PC 12 V Car  Lighter Socket Plug Universal Car Male Car  Lighter Connector Adaptor For  Trucks RVs Boats,676.0,23,520.0,,0,Non,Not a brand,Jumia
1164,（Red）Vehicle  Car Extension Cable High-power Car  Lighter Extension Cord 12V24V Universal 15A F 180W 1.8 M/6 Ft,676.0,23,520.0,,0,Non,Not a brand,Jumia
1165,Suction Cup Car Phone Holder Accessory Hard Fixed Base With 3M Stick Dashboard Disc For,1066.0,42,618.0,,0,Non,Not a brand,Jumia
1166,3Pack Metal Disk Sticker Sheet For Car Magnetic Phone Holder Universal Round Iron Mount,1066.0,42,618.0,,0,Non,Not a brand,Jumia
1167,(US)Car Lighter Adapter AC 220V To DC 12V EU US,838.0,20,670.0,,0,Non,Not a brand,Jumia
1168,(Black 3 1A)Universal Portable Dual USB LED Digital Display,838.0,20,670.0,,0,Non,Not a brand,Jumia
1169,(Blue Led With Cable)Black Color 12V 120W Motorcycle Car,838.0,20,670.0,,0,Non,Not a brand,Jumia
1170,(DS1011)12V Dual USB Car  Lighter Socket Splitter 12V,990.0,20,790.0,,0,Non,Not a brand,Jumia
1171,(103)4.2A Aluminum Dual USB Moto  Lighter Socket For BMW,1031.0,20,820.0,,0,Non,Not a brand,Jumia
1172,(Green With Wire)Car  Lighter Socket 12V-24V Waterproof,838.0,20,670.0,,0,Non,Not a brand,Jumia
1173,(Black)Aluminum Car  Lighter On FIRE MISSILE EJECT PANIC On,838.0,20,670.0,,0,Non,Not a brand,Jumia
1174,（Red With Wire）Car  Lighter Socket Waterproof 12V-24V Auto Boat Motorcycle Tractor Power Outlet Socket Receptacle Car Accessories,676.0,23,520.0,,0,Non,Not a brand,Jumia
1175,(3m)4 Size Dependable Car Styling 12V 24V 10A Car Accessory,1017.0,20,810.0,,0,Non,Not a brand,Jumia
1176,(110-Black)4.2A Aluminum Dual USB Moto  Lighter Socket For,1031.0,20,820.0,,0,Non,Not a brand,Jumia
1177,(White)12V-24V Car  Lighter Socket Motorcycle Car Auto Boat,838.0,20,670.0,,0,Non,Not a brand,Jumia
1178,(Green)12V-24V Car  Lighter Socket Motorcycle Car Auto Boat,838.0,20,670.0,,0,Non,Not a brand,Jumia
1179,（Black）12V24V Automobile  Lighter Plug Male Automotive Electric Appliances Plug With Indicator Light Inside 20A,676.0,23,520.0,,0,Non,Not a brand,Jumia
1180,(White)Lighter Socket Splitter12V/24V Dual USB Outlet,948.0,21,750.0,,0,Non,Not a brand,Jumia
1181,(Type 2 Green)DC 12-24V 4.2A Dual USB Motorcycle  Lighter,976.0,20,780.0,,0,Non,Not a brand,Jumia
1182,（12V-B）New 12V Chrome Car  Lighter Dustproof Decorative For Audi A3 A4 B7 B8 A5 A6 C6 A7 Q3 Q5 Q7 TT RS6 RS7 S3 S4 8WD919311,676.0,23,520.0,,0,Non,Not a brand,Jumia
1183,(EU Plug)ful Car  Lighter Power AC 220V To DC 12V Black,676.0,23,520.0,,0,Non,Not a brand,Jumia
1184,(Blue With Wire)Car  Lighter Socket Waterproof 12V-24V Auto,838.0,20,670.0,,0,Non,Not a brand,Jumia
1185,(Orange)Outlet Plug Boat Motorcycle Car  Lighter Unviersal,838.0,20,670.0,,0,Non,Not a brand,Jumia
1186,（Red）Car  Lighter Socket 12V Waterproof Auto Boat Motorcycle Tractor Power Outlet Socket Receptacle Car Accessories Black,676.0,23,520.0,,0,Non,Not a brand,Jumia
1187,(Green Set)QC 3.0 12V Dual USB Car Socket LED   Lighter,838.0,20,670.0,,0,Non,Not a brand,Jumia
1188,(Black-Green LED)4.2A Aluminum Dual USB Moto  Lighter,1058.0,21,840.0,,0,Non,Not a brand,Jumia
1189,(Blue)4.2A Aluminum Dual USB Moto  Lighter Socket For BMW,1058.0,21,840.0,,0,Non,Not a brand,Jumia
1190,(Blue)4.2A Aluminum Dual USB Moto  Lighter Socket For BMW,1031.0,20,820.0,,0,Non,Not a brand,Jumia
1191,(110-Golden)4.2A Aluminum Dual USB Moto  Lighter Socket For,1058.0,21,840.0,,0,Non,Not a brand,Jumia
1192,(RED)New Arrive  Lighter Socket Splitter 12V-24V 2 Port USB,921.0,21,730.0,,0,Non,Not a brand,Jumia
1193,(Blue)Motorcycle Car 12V 120W Power Socket With LED Light,838.0,20,670.0,,0,Non,Not a brand,Jumia
1194,12V 24V Male Auto Car Motorcycle  Lighter Socket Plug Connector On Off Switch,676.0,23,520.0,,0,Non,Not a brand,Jumia
1195,(Green1)12V 24V Car  Lighter Socket Adapter With Led Light,838.0,20,670.0,,0,Non,Not a brand,Jumia
1196,(White)Car  Lighter Socket 12V-24V Waterproof Plug Power,838.0,20,670.0,,0,Non,Not a brand,Jumia
1197,(Adapter Cable 60CM)High-power Socket Car  Lighter Car,1058.0,21,840.0,,0,Non,Not a brand,Jumia
1198,(Red 2)12V 24V 240W Car  Lighter Socket Waterproof With LED,838.0,20,670.0,,0,Non,Not a brand,Jumia
1199,（NO SMOKING）12V Universal Car  Lighter On Cover Accessories Fire Missile Eject On Car  Lighter Plug,676.0,23,520.0,,0,Non,Not a brand,Jumia
1200,（UK Plug）220V To 12V  Lighter Socket Adapter Converter Parts Portable Car,782.0,23,601.0,,0,Non,Not a brand,Jumia
1201,（UK Plug）220V To 12V  Lighter Socket Adapter Converter Parts Portable Car,676.0,23,520.0,,0,Non,Not a brand,Jumia
1202,(Black-Green LED)4.2A Aluminum Dual USB Moto  Lighter,1031.0,20,820.0,,0,Non,Not a brand,Jumia
1203,(102)4.2A Aluminum Dual USB Moto  Lighter Socket For BMW,1031.0,20,820.0,,0,Non,Not a brand,Jumia
1204,(QC3.0 Green)Lighter Socket Car USB 12V-24V  Powerful,838.0,20,670.0,,0,Non,Not a brand,Jumia
1205,(Type-1 Red)4 In 1 LED Digital 12V  Lighter Socket USB,935.0,21,740.0,,0,Non,Not a brand,Jumia
1206,(Orange)Colorful 12V 120W Power S Lighter Socket Plug For,990.0,20,790.0,,0,Non,Not a brand,Jumia
1207,(Red Led With Cable)Black Color 12V 120W Motorcycle Car,838.0,20,670.0,,0,Non,Not a brand,Jumia
1208,(Red Set)QC 3.0 12V Dual USB Car Socket LED   Lighter,838.0,20,670.0,,0,Non,Not a brand,Jumia
1209,(Type-2 Blue)4 In 1 LED Digital 12V  Lighter Socket USB,935.0,21,740.0,,0,Non,Not a brand,Jumia
1210,（blue）Universal 12V Car  Lighter Assembly Socket Power Outlet  Quality,676.0,23,520.0,,0,Non,Not a brand,Jumia
1211,（Only Wire）Car  Lighter Socket 12V-24V Waterproof Plug Power Outlet Adapter For Marine Boat Motorcycle Truck RV ATV With Wire D5,676.0,23,520.0,,0,Non,Not a brand,Jumia
1212,(black)Lighter Car  Ignitor Plug Adapter GJ6A-66-250,838.0,20,670.0,,0,Non,Not a brand,Jumia
1213,(No Smoking)Universal Fire Missile Eject On Car,838.0,20,670.0,,0,Non,Not a brand,Jumia
1214,(Black)Aluminum Car  Lighter On FIRE MISSILE EJECT PANIC On,838.0,20,670.0,,0,Non,Not a brand,Jumia
1215,New 822754 Universal 12V Car  Lighter Housing Cig Socket For Peugeot CC SW 206 308 406 607 1007,676.0,23,520.0,,0,Non,Not a brand,Jumia
1216,(101)4.2A Aluminum Dual USB Moto  Lighter Socket For BMW,1031.0,20,820.0,,0,Non,Not a brand,Jumia
1217,(Red)Universal 12V Car  Lighter Socket 3.1A Dual-port USB,838.0,20,670.0,,0,Non,Not a brand,Jumia
1218,(Green With Wire)12V/24V QC3.0 Car Charging Socket,976.0,20,780.0,,0,Non,Not a brand,Jumia
1219,(Red With Wire)Car  Lighter Socket Waterproof 12V-24V Auto,838.0,20,670.0,,0,Non,Not a brand,Jumia
1220,(QC 3.0 Green)USB Car Motorcycle  Lighter QC 3.0 Dual USB,838.0,20,670.0,,0,Non,Not a brand,Jumia
1221,(Red)Car  Lighter Socket Waterproof 12V-24V Auto Boat,838.0,20,670.0,,0,Non,Not a brand,Jumia
1222,(Blue Led Light)Black Color 12V 120W Motorcycle Car Boat,838.0,20,670.0,,0,Non,Not a brand,Jumia
1223,(No Switch-B)Waterproof Panel Type C PD Socket Adapter,1100.0,20,880.0,,0,Non,Not a brand,Jumia
1224,(Rectangle Style-G)12 Volt Car Backlight Adapter Watch,1058.0,21,840.0,,0,Non,Not a brand,Jumia
1225,(Blue)Waterproof 12V-24V Mini Micro Dual USB Plug   Car,921.0,21,730.0,,0,Non,Not a brand,Jumia
1226,(Blue)12V/24V Triple Aluminum Metal 60W USB-C Multiple Car,976.0,20,780.0,,0,Non,Not a brand,Jumia
1227,(Golden)4.2A Aluminum Dual USB Moto  Lighter Socket For BMW,1031.0,20,820.0,,0,Non,Not a brand,Jumia
1228,(Red Add Cable)Waterproof 12V-24V Mini Micro Dual USB Plug,948.0,21,750.0,,0,Non,Not a brand,Jumia
1229,（Blue With Wire）Car  Lighter Socket 12V-24V Waterproof Plug Power Outlet Adapter For Marine Boat Motorcycle Truck RV ATV With Wire D5,676.0,23,520.0,,0,Non,Not a brand,Jumia
1230,Auto Car  Lighter Plug For VW CC EOS POLO Passat Jetta Audi Q3 RS Q3 A3 S3 Seat Exeo Alrea Skoda Yeti Fabia Rapid,676.0,23,520.0,,0,Non,Not a brand,Jumia
1231,(QC3.0 Red)Lighter Socket Car USB 12V-24V  Powerful,838.0,20,670.0,,0,Non,Not a brand,Jumia
1232,(3.1A USB)12V Dual USB Car  Lighter Socket Splitter 12V,838.0,20,670.0,,0,Non,Not a brand,Jumia
1233,(Type 1 Red)DC 12-24V 4.2A Dual USB Motorcycle  Lighter Car,948.0,21,750.0,,0,Non,Not a brand,Jumia
1234,(Red)Lighter Socket In Car Splitter 12V-24V 2 Port USB Car,935.0,21,740.0,,0,Non,Not a brand,Jumia
1235,(197)4.2A Aluminum Dual USB Moto  Lighter Socket For BMW,1031.0,20,820.0,,0,Non,Not a brand,Jumia
1236,(White With Cable)12V-24V Car  Lighter Socket Motorcycle,838.0,20,670.0,,0,Non,Not a brand,Jumia
1237,(Red)Car  Lighter Socket Waterproof 12V-24V Auto Boat,838.0,20,670.0,,0,Non,Not a brand,Jumia
1238,(4Pcs Green Light)4pcs/lot 12V Car  Lighter Socket Auto,990.0,20,790.0,,0,Non,Not a brand,Jumia
1239,(green)12V/24V Car 2 USB Sockets Power Plug Supply Outlet,838.0,20,670.0,,0,Non,Not a brand,Jumia
1240,(110-Golden)4.2A Aluminum Dual USB Moto  Lighter Socket For,1031.0,20,820.0,,0,Non,Not a brand,Jumia
1241,(Blue)12V-24V Car  Lighter Socket Waterproof Auto Boat,838.0,20,670.0,,0,Non,Not a brand,Jumia
1242,(Green With 2 In 1)2019 New Arrive  Lighter Socket Splitter,838.0,20,670.0,,0,Non,Not a brand,Jumia
1243,(With Lighter(Red))Waterproof Panel Type C PD Socket,1100.0,20,880.0,,0,Non,Not a brand,Jumia
1244,(Orange)2019 New  Lighter Socket Splitter 12V-24V 2 Port,1182.0,20,940.0,,0,Non,Not a brand,Jumia
1245,（cable） Lighter Socket 12V 24V Motorcycle Car Auto Boat Tractor Power Outlet Receptacle Waterproof Plug Black,676.0,23,520.0,,0,Non,Not a brand,Jumia
1246,（Blue Light）12V Car  Lighter Socket Waterproof Auto Boat Motorcycle Tractor Power Outlet Socket Receptacle Car Accessories Black,676.0,23,520.0,,0,Non,Not a brand,Jumia
1247,Metal Plate With Adhesive Iron Plate For Magnetic Car Phone Holder Stand Circular Square Iron,1066.0,42,618.0,,0,Non,Not a brand,Jumia
1248,(Blue)Car  Lighter Socket 12V Waterproof Auto Boat,838.0,20,670.0,,0,Non,Not a brand,Jumia
1249,(Black)4.2A Aluminum Dual USB Moto  Lighter Socket For BMW,1031.0,20,820.0,,0,Non,Not a brand,Jumia
1250,(Type 1 Red)DC 12-24V 4.2A Dual USB Motorcycle  Lighter Car,948.0,21,750.0,,0,Non,Not a brand,Jumia
1251,(type A)2 USB Port 3 Way Car  Lighter Socket Splitter,838.0,20,670.0,,0,Non,Not a brand,Jumia
1252,（Only Wire）Extractme Car  Lighter Socket 12/24V Waterproof Plug Power Outlet Adapter For Motorcycle Truck RV ATV Boat With Wire,676.0,23,520.0,,0,Non,Not a brand,Jumia
1253,(Green With Wire)12V/24V Triple Aluminum Metal 60W USB-C,676.0,23,520.0,,0,Non,Not a brand,Jumia
1254,(Blue)12V-24V 2 Port  Lighter Socket Splitter USB Car,1003.0,20,800.0,,0,Non,Not a brand,Jumia
1255,(Only Cable)12V-24V Car  Lighter Socket Motorcycle Car Auto,838.0,20,670.0,,0,Non,Not a brand,Jumia
1256,(Blue Led With Cable)Black Color 12V 120W Motorcycle Car,838.0,20,670.0,,0,Non,Not a brand,Jumia
1257,(WIth Cable)3 USB Port 3 Way 3.1A Blue Led Car,962.0,20,770.0,,0,Non,Not a brand,Jumia
1258,(type 2 Red)Car  Lighter Sockets Dual USB Motorcycle,976.0,20,780.0,,0,Non,Not a brand,Jumia
1259,(Green With Cable)12V-24V Car  Lighter Socket Motorcycle,838.0,20,670.0,,0,Non,Not a brand,Jumia
1260,(No Light)Universal Car  Lighter Socket 12V Waterproof Boat,838.0,20,670.0,,0,Non,Not a brand,Jumia
1261,(black)New Arrival 12-24V Universal Car Auto  Lighter Dual,838.0,20,670.0,,0,Non,Not a brand,Jumia
1262,12V Auxiliary Dual Power Outlet Waterproof Car Motorcycle Wired  Lighter Power Socket Adapter,676.0,23,520.0,,0,Non,Not a brand,Jumia
1263,(Green)Motorcycle Car  Lighter In Car Outlet Plug Boat,838.0,20,670.0,,0,Non,Not a brand,Jumia
1264,(Green Add Wire)12V/24V Waterproof Dual USB Ports Car,838.0,20,670.0,,0,Non,Not a brand,Jumia
1265,(Green LED)Lighter Socket In Car 5V 3.1A Power Adapter,838.0,20,670.0,,0,Non,Not a brand,Jumia
1266,（Socket）Car Interior Accessories Universal Plug  Lighter Socket Assembly Replacement For BMW All Series 61346973035,873.0,23,672.0,,0,Non,Not a brand,Jumia
1267,(12V-A)New 12V Chrome Car Lighter Dustproof Decorative,838.0,20,670.0,,0,Non,Not a brand,Jumia
1268,（red Light）12V Car  Lighter Socket Waterproof Auto Boat Motorcycle Tractor Power Outlet Socket Receptacle Car Accessories Dropship,676.0,23,520.0,,0,Non,Not a brand,Jumia
1269,（C） Lighter Socket 12V 24V Motorcycle Car Auto Boat Tractor Power Outlet Receptacle Waterproof Plug Black,676.0,23,520.0,,0,Non,Not a brand,Jumia
1270,(White)Lighter Socket Waterproof 12V Power Plug Outlet,838.0,20,670.0,,0,Non,Not a brand,Jumia
1271,(Type 5)12V-24V Car  Lighter Socket Splitter Plug LED USB,838.0,20,670.0,,0,Non,Not a brand,Jumia
1272,(Red)4 In 1 New Digital +12V Power Socket +Dual USB Power,838.0,20,670.0,,0,Non,Not a brand,Jumia
1273,Rear Wiper Arm Cap Windshield Wiper Arm For Volkswagen Passa,327.0,30,229.0,,0,Non,Not a brand,Jumia
1274,(blue)car  Lighter In A Car Socket Splitter 12V-24V 2 Port,962.0,20,770.0,,0,Non,Not a brand,Jumia
1275,(No Light With Wire)Car  Lighter Socket 12V-24V Waterproof,838.0,20,670.0,,0,Non,Not a brand,Jumia
1276,(Blue)Car  Lighter Socket 12V-24V Waterproof Plug Power,838.0,20,670.0,,0,Non,Not a brand,Jumia
1277,(Blue LED)Lighter Socket In Car 5V 3.1A Power Adapter,838.0,20,670.0,,0,Non,Not a brand,Jumia
1278,(100CM)2019 New 12V 24V 10A Car Accessory  Lighter 2m,1072.0,21,850.0,,0,Non,Not a brand,Jumia
1279,(Blue With Wire)12V/24V QC3.0 Car Charging Socket,976.0,20,780.0,,0,Non,Not a brand,Jumia
1280,(type 2 Blue)Car  Lighter Sockets Dual USB Motorcycle,948.0,21,750.0,,0,Non,Not a brand,Jumia
1281,(239-Golden)Mini QC3.0 Quick Charge DIN USB Power Adapter,1210.0,21,960.0,,0,Non,Not a brand,Jumia
1282,(Blue)12V Dual USB Car  Lighter Socket Splitter 12V Charger,1017.0,20,810.0,,0,Non,Not a brand,Jumia
1283,(Blue)Extractme 5V 3.1A  Lighter USB Car Charger 12V-24V,838.0,20,670.0,,0,Non,Not a brand,Jumia
1284,(Green No Wire)Car USB Charger QC3.0 PD Type C USB With,1045.0,21,830.0,,0,Non,Not a brand,Jumia
1285,(Green With Wire)12V/24V Triple USB C Car Charger Socket,1031.0,20,820.0,,0,Non,Not a brand,Jumia
1286,(green)Car Charger Switch Panel 12V Dual USB Socket LED,1058.0,21,840.0,,0,Non,Not a brand,Jumia
1287,(gold)Dual Usb Car Charger 3.1A Car  Lighter Universal USB,838.0,20,670.0,,0,Non,Not a brand,Jumia
1288,(93-Golden)Mini QC3.0 Quick Charge DIN USB Power Adapter,1237.0,20,990.0,,0,Non,Not a brand,Jumia
1289,(Red With Wire)QC3.0 36W USB Quick Charger Car Motorcycle,838.0,20,670.0,,0,Non,Not a brand,Jumia
1290,(Gold)3.1A 1A Dual USB Car Charger Universal 12V Car,838.0,20,670.0,,0,Non,Not a brand,Jumia
1291,(type 1 Blue)Dual Usb Car Charger Socket 12V-24V Car,1113.0,20,890.0,,0,Non,Not a brand,Jumia
1292,(Blue)Portable 12V 120W Motor Boat Car Lighter Power Socket,1003.0,20,800.0,,0,Non,Not a brand,Jumia
1293,(Set BLUE)2 Ports Motorcycle USB Charger  Switch Metal 12V,1196.0,21,950.0,,0,Non,Not a brand,Jumia
1294,(Blue Add Wire)QC3.0 Dual USB Fast Charger Aluminum Socket,1003.0,20,800.0,,0,Non,Not a brand,Jumia
1295,(110-Black)Mini QC3.0 Quick Charge DIN USB Power Adapter,1237.0,20,990.0,,0,Non,Not a brand,Jumia
1296,"(Pink)Car Charger With Backlight For 3 USB Ports, USB",838.0,20,670.0,,0,Non,Not a brand,Jumia
1297,(Blue(BASIC))QC 3.0 Dual USB Car Charger Socket With Cable,990.0,20,790.0,,0,Non,Not a brand,Jumia
1298,(Blue Set)12V Dual USB Car Socket Charger Socket 2 In1,935.0,21,740.0,,0,Non,Not a brand,Jumia
1299,(4.2A Blue)3.1A/4.2A Car Charger Motorcycle Plug Dual USB,1113.0,20,890.0,,0,Non,Not a brand,Jumia
1300,(black)5V 3.3A Moto Charger Dual USB Power Adapter For BMW,990.0,20,790.0,,0,Non,Not a brand,Jumia
1301,(Red)12V/24V Waterproof Dual USB Ports Car  Charger Socket,838.0,20,670.0,,0,Non,Not a brand,Jumia
1302,(Blue)12V/24V Waterproof Dual USB Ports Car  Charger Socket,838.0,20,670.0,,0,Non,Not a brand,Jumia
1303,(Blue)Waterproof Panel Dual USB Socket Car Charger 4.2A LED,838.0,20,670.0,,0,Non,Not a brand,Jumia
1304,(Red)Car Charger Car  Lighter Socket Splitter USB Vehicle,1003.0,20,800.0,,0,Non,Not a brand,Jumia
1305,(Type B Blue 1pc)12-24V USB Car Charge USB Auto Socket,1333.0,20,1060.0,,0,Non,Not a brand,Jumia
1306,(White)3.1A Dual USB Car  Charger Socket Waterproof Power,838.0,20,670.0,,0,Non,Not a brand,Jumia
1307,Car Intake Repair Kit For Audi / Volkswagen,1484.0,30,1039.0,,0,Non,Not a brand,Jumia
1308,(Gold)Dual USB Car Charger Fast Charging QC 3.0 With,1003.0,20,800.0,,0,Non,Not a brand,Jumia
1309,(Green)12V-24V Car  Lighter Motorcycle Dual USB Charger PD,1017.0,20,810.0,,0,Non,Not a brand,Jumia
1310,(black)12V 24V DC Plug Car  Lighter Charger Power Cable,838.0,20,670.0,,0,Non,Not a brand,Jumia
1311,(Blue LED)Car USB Charger  Lighter Socket Power Adapter,838.0,20,670.0,,0,Non,Not a brand,Jumia
1312,(green)Car Charger Car  Lighter Socket Splitter USB Vehicle,1003.0,20,800.0,,0,Non,Not a brand,Jumia
1313,(black)12V Car  Lighter 4 USB Charger Splitter Charge Power,1003.0,20,800.0,,0,Non,Not a brand,Jumia
1314,(Green With Wire)12V/24V Triple USB C Car Charger Socket,1031.0,20,820.0,,0,Non,Not a brand,Jumia
1315,(Red)Universal 5V 3A QC 3.0 USB Charger Socket Power,921.0,21,730.0,,0,Non,Not a brand,Jumia
1316,(Set BLUE)2 Ports Motorcycle USB Charger  Switch Metal 12V,1223.0,21,970.0,,0,Non,Not a brand,Jumia
1317,(C17-Black)2022New Car Fast Charger Auto Charger Quick,1017.0,20,810.0,,0,Non,Not a brand,Jumia
1318,(black)5V/3.1A Dual USB Port S Lighter Adapter Voltage,838.0,20,670.0,,0,Non,Not a brand,Jumia
1319,(Type 1 Blue)12V 24V Car Quick Charge 3.0 Dual USB Charger,935.0,21,740.0,,0,Non,Not a brand,Jumia
1320,(93-Blue)Mini QC3.0 Quick Charge DIN USB Power Adapter DIN,1210.0,21,960.0,,0,Non,Not a brand,Jumia
1321,(Only USB Socket)12V Dual USB Car  Lighter Socket Splitter,838.0,20,670.0,,0,Non,Not a brand,Jumia
1322,(197)4.2A Aluminum Dual USB Moto  Lighter Socket For BMW,1058.0,21,840.0,,0,Non,Not a brand,Jumia
1323,（lighter Cable）12V 24V 120W  Lighter Waterproof Power Motorcycle Boat Car  Lighter Socket Plug With F & Wire,676.0,23,520.0,,0,Non,Not a brand,Jumia
1324,(Blue With Wire)Car  Lighter Socket 12V-24V Waterproof Plug,838.0,20,670.0,,0,Non,Not a brand,Jumia
1325,(Orange Add Wire)Lighter Socket Waterproof 12V Power Plug,838.0,20,670.0,,0,Non,Not a brand,Jumia
1326,(Blue With Wire)Car  Lighter Socket Waterproof 12V-24V Auto,838.0,20,670.0,,0,Non,Not a brand,Jumia
1327,(Orange Add Wire)Lighter Socket Waterproof 12V Power Plug,838.0,20,670.0,,0,Non,Not a brand,Jumia
1328,(Orange Add Wire)Lighter Socket Waterproof 12V Power Plug,838.0,20,670.0,,0,Non,Not a brand,Jumia
1329,(No Light)Lighter Socket Waterproof 12V Power Plug Outlet,838.0,20,670.0,,0,Non,Not a brand,Jumia
1330,12V Auto  Lighter Green Copper+Nylon Car  Lighter Power,838.0,20,670.0,,0,Non,Not a brand,Jumia
1331,(floodlight 5m Cable)12V 24V 36W LED Light Spotlight,4097.0,20,3270.0,,0,Non,Not a brand,Jumia
1332,(EU)220V To 12V Portable Car Lighter Socket,1003.0,20,800.0,,0,Non,Not a brand,Jumia
1333,(Model I)1Pcs Universal Car Lighter On Cover Aluminum,838.0,20,670.0,,0,Non,Not a brand,Jumia
1334,(Black)Car Interior Accessories Universal  Lighter Socket,976.0,20,780.0,,0,Non,Not a brand,Jumia
1335,(1pack-Economic)Mini 2.4A Dual USB Car Universal,838.0,20,670.0,,0,Non,Not a brand,Jumia
1336,(Type 1 Green)DC 12-24V 4.2A Dual USB Motorcycle  Lighter,976.0,20,780.0,,0,Non,Not a brand,Jumia
1337,（No Light） Lighter Socket Waterproof 12V Power Plug Outlet Receptacle For Car Marine Motorcycle ATV RV Socket Power Outlet,676.0,23,520.0,,0,Non,Not a brand,Jumia
1338,（60cm Cable）12V Car  Lighter Socket Waterproof Auto Boat Motorcycle Tractor Power Outlet Socket Receptacle Car Accessories Black,676.0,23,520.0,,0,Non,Not a brand,Jumia
1339,（EU Plug）2021 AC 220V To DC 12V Car  Lighter Socket EU US Plug Converter Car  Lighter Adapter Car Accessories Dropship,676.0,23,520.0,,0,Non,Not a brand,Jumia
1340,(green)Car  Lighter Socket 12V Waterproof Auto Boat,838.0,20,670.0,,0,Non,Not a brand,Jumia
1341,(Green)12V-24V Car  Lighter Waterproof Plug Socket Suitable,838.0,20,670.0,,0,Non,Not a brand,Jumia
1342,（black）DC5.5x2.1mm 12V Male To Car  Lighter Socket Female Adapter Cable PVC Power Converter Cord Car Truck Bus Accessories,676.0,23,520.0,,0,Non,Not a brand,Jumia
1343,10Pcs/5pcs/lot Metal Plate Disk Iron Sheet For Magnetic Car Phone Holder Stand Metal Plate For,1322.0,42,767.0,,0,Non,Not a brand,Jumia
1344,(5pcs)2/5pcs Motorcycle Lighter Socket USB 12V,976.0,20,780.0,,0,Non,Not a brand,Jumia
1345,(Only Wire)Lighter Socket Car USB 12V-24V  Powerful,838.0,20,670.0,,0,Non,Not a brand,Jumia
1346,(3 In 1 Cable)Car Lighter Socket Splitter Plug For,838.0,20,670.0,,0,Non,Not a brand,Jumia
1347,(floodlight 5m Cable)12V 24V 36W LED Light,4097.0,20,3270.0,,0,Non,Not a brand,Jumia
1348,(USB With Switch)Waterproof Panel Type C PD Socket Adapter,1100.0,20,880.0,,0,Non,Not a brand,Jumia
1349,（1Pcs Blue Cable） Lighter Car Charger Mobile Phone Charger Dual USB Connector Fast Charging For IPhone Huawei Samsung OnePlus Xiaomi,676.0,23,520.0,,0,Non,Not a brand,Jumia
1350,1PCS Car Phone Holder Metal Plate Disk For Magnetic Car Phone Holder IRon Sheet For Magnet,1113.0,42,645.0,,0,Non,Not a brand,Jumia
1351,(Orange)2019 New  Lighter Socket Splitter 12V-24V 2 Port,1182.0,20,940.0,,0,Non,Not a brand,Jumia
1352,(QC 3.0 Red)USB Car Motorcycle  Lighter QC 3.0 Dual USB,838.0,20,670.0,,0,Non,Not a brand,Jumia
1353,（car Ashtray）Car Mini  Lighter Replacement 1J0 919 307 For VW Amarok 2010-2014 With Car Ashtray + Lighter Dust Plug,676.0,23,520.0,,0,Non,Not a brand,Jumia
1354,(Blue)12V Motorcycle Car  Lighter In Auto Outlet Plug Boat,838.0,20,670.0,,0,Non,Not a brand,Jumia
1355,(Only Wire)Car  Lighter Socket Waterproof 12V-24V Auto Boat,838.0,20,670.0,,0,Non,Not a brand,Jumia
1356,(black)1.2m Universal 12/24V DC 2.5x5.5mm Plug Car -Lighter,838.0,20,670.0,,0,Non,Not a brand,Jumia
1357,(green Light)12V Car  Lighter Socket Waterproof Auto Boat,838.0,20,670.0,,0,Non,Not a brand,Jumia
1358,(No Light With Wire)Car Lighter Socket 12V-24V,838.0,20,670.0,,0,Non,Not a brand,Jumia
1359,(No Light With Wire)Car  Lighter Socket Waterproof 12V-24V,838.0,20,670.0,,0,Non,Not a brand,Jumia
1360,(Green Led Light)Black Color 12V 120W Motorcycle Car Boat,838.0,20,670.0,,0,Non,Not a brand,Jumia
1361,(White)Car  Lighter Socket 12V-24V Waterproof Plug Power,838.0,20,670.0,,0,Non,Not a brand,Jumia
1362,(type 2 Blue)Car  Lighter Sockets Dual USB Motorcycle,948.0,21,750.0,,0,Non,Not a brand,Jumia
1363,(Green)12V 24V Dual USB Car Motorcycle  Lighter PD Type,962.0,20,770.0,,0,Non,Not a brand,Jumia
1364,(Blue With 3 In 1)2019 New Arrive  Lighter Socket Splitter,838.0,20,670.0,,0,Non,Not a brand,Jumia
1365,(white)Limited Edition Aluminum  Style Car  Lighter For,1141.0,20,910.0,,0,Non,Not a brand,Jumia
1366,(USB With Switch)Waterproof Panel Type C PD Socket,1100.0,20,880.0,,0,Non,Not a brand,Jumia
1367,(type B)2 USB Port 3 Way Car  Lighter Socket Splitter,838.0,20,670.0,,0,Non,Not a brand,Jumia
1368,(110-Golden)4.2A Aluminum Dual USB Moto  Lighter Socket For,1031.0,20,820.0,,0,Non,Not a brand,Jumia
1369,Car Dismantling High Pressure Head,3598.0,30,2519.0,,0,Non,Not a brand,Jumia
1370,(green )12V Power Socket 4 In 1 Car  Lighter Digital  Dual,838.0,20,670.0,,0,Non,Not a brand,Jumia
1371,(blue Light)12V Car  Lighter Socket Waterproof Auto Boat,838.0,20,670.0,,0,Non,Not a brand,Jumia
1372,(red )12V Power Socket 4 In 1 Car  Lighter Digital  Dual,935.0,21,740.0,,0,Non,Not a brand,Jumia
1373,(Blue With Wire)Car  Lighter Socket Waterproof 12V-24V Auto,838.0,20,670.0,,0,Non,Not a brand,Jumia
1374,(0.6m)igarette Lighter Extension Cord 12V 24V DC Heavy Duty,1113.0,20,890.0,,0,Non,Not a brand,Jumia
1375,12v 24v Male Car  Lighter Socket Plug Connector On Off Switch 3m Lengthened Conversion Socket Waterproof Female Seat,676.0,23,520.0,,0,Non,Not a brand,Jumia
1376,(black)3 USB Port 3 Way 3.1A Blue Led Car  Lighter Socket,676.0,23,520.0,,0,Non,Not a brand,Jumia
1377,5V 2A USB Male To Female Connector 12V Car  Lighter Socket Adapter Converter Black  Lighter Cars Replacement Parts,676.0,23,520.0,,0,Non,Not a brand,Jumia
1378,ABS Plastic  Lighter Adapter For Ford Focus Fiesta C-Max,1856.0,20,1480.0,,0,Non,Not a brand,Jumia
1379,(type B)2 USB Port 3 Way Car Lighter Socket,838.0,20,670.0,,0,Non,Not a brand,Jumia
1380,(type 1 Blue)Car  Lighter Sockets Dual USB Motorcycle,976.0,20,780.0,,0,Non,Not a brand,Jumia
1381,(Blue Set)12V Marine USB Outlet Socket Panel 2 In 1,838.0,20,670.0,,0,Non,Not a brand,Jumia
1382,(4.2A Red)Lighter Socket Car USB 12V-24V  Powerful Lighters,838.0,20,670.0,,0,Non,Not a brand,Jumia
1383,12V European Plug Motorcycle DIN  Lighter Socket Plug Adapter Motorbike Scooter Replacement Power Socket EU Plug Black,747.0,23,574.0,,0,Non,Not a brand,Jumia
1384,(black)12V 10A Car Accessory  Lighter Socket Extension Cord,838.0,20,670.0,,0,Non,Not a brand,Jumia
1385,(Not Light)12V-24V Car  Lighter Socket Motorcycle Car Auto,838.0,20,670.0,,0,Non,Not a brand,Jumia
1386,(Red Cable Hole Saw)Dual USB Motorcycle  Lighter Car,838.0,20,670.0,,0,Non,Not a brand,Jumia
1387,(Blue With Cable)PD Type C Car USB Socket QC3.0 12V/24V Car,1003.0,20,800.0,,0,Non,Not a brand,Jumia
1388,(Red )12V Universal Car  Lighter On Cover Accessories No,838.0,20,670.0,,0,Non,Not a brand,Jumia
1389,Car Motorcycle Bike Waterproof  Lighter USB Power Charging Socket New,676.0,23,520.0,,0,Non,Not a brand,Jumia
1390,（Orange With Wire）Car  Lighter Socket 12V-24V Waterproof Plug Power Outlet Adapter For Marine Boat Motorcycle Truck RV ATV With Wire D5,676.0,23,520.0,,0,Non,Not a brand,Jumia
1391,(Black)Car  Outlet Cover Socket Plug Universal Eject Fire,838.0,20,670.0,,0,Non,Not a brand,Jumia
1392,(Red Led Light)Black Color 12V 120W Motorcycle Car Boat,838.0,20,670.0,,0,Non,Not a brand,Jumia
1393,(3m)Dependable Car Styling 12V 10A Car Accessory,1003.0,20,800.0,,0,Non,Not a brand,Jumia
1394,(white)Car Dual Usb Car  Lighter 5V 3.1A Power Socket Fast,838.0,20,670.0,,0,Non,Not a brand,Jumia
1395,(Rectangle Style-G)12 Volt Car Backlight Adapter Watch,1058.0,21,840.0,,0,Non,Not a brand,Jumia
1396,(Green With Cable)12V/24V Dual USB Outlet PD3.0 & QC3.0 USB,976.0,20,780.0,,0,Non,Not a brand,Jumia
1397,(Gold)DIN To USB Adapter Portable Angled Motorcycle DIN,838.0,20,670.0,,0,Non,Not a brand,Jumia
1398,(cable)2020 Car  Lighter Socket Universal 12V 120W,838.0,20,670.0,,0,Non,Not a brand,Jumia
1399,（A）High Quality 12V 24V Auto 20A Male Car  Lighter Connector Socket Adapter Plug LED,676.0,23,520.0,,0,Non,Not a brand,Jumia
1400,(Type-2 Blue)4 In 1 LED Digital 12V  Lighter Socket USB,838.0,20,670.0,,0,Non,Not a brand,Jumia
1401,Upgrade Car Air Vent Clip 13MM 15MM 17MM Ball Head For Outlets Magnet Car Phone Holder Stand,1275.0,42,740.0,,0,Non,Not a brand,Jumia
1402,(Green)12V/24V Dual USB Outlet PD3.0 & QC3.0 USB C Car Fast,976.0,20,780.0,,0,Non,Not a brand,Jumia
1403,(No Light)Car  Lighter Socket 12V-24V Waterproof Plug Power,838.0,20,670.0,,0,Non,Not a brand,Jumia
1404,(Orange)Car  Lighter Socket 12V-24V Waterproof Plug Power,838.0,20,670.0,,0,Non,Not a brand,Jumia
1405,(Blue Light)12V Car  Lighter Socket Waterproof Auto Boat,838.0,20,670.0,,0,Non,Not a brand,Jumia
1406,(No Light Add Wire)Lighter Socket Waterproof 12V Power Plug,838.0,20,670.0,,0,Non,Not a brand,Jumia
1407,(Green With 2 In 1)2019 New Arrive  Lighter Socket Splitter,838.0,20,670.0,,0,Non,Not a brand,Jumia
1408,(Blue With 2 In 1)2019 New Arrive  Lighter Socket Splitter,838.0,20,670.0,,0,Non,Not a brand,Jumia
1409,(Blue 3 In 1 Set)12V  Lighter Socket 3 In 1 Waterproof Car,838.0,20,670.0,,0,Non,Not a brand,Jumia
1410,(Black)4.2A Aluminum Dual USB Moto  Lighter Socket For BMW,1058.0,21,840.0,,0,Non,Not a brand,Jumia
1411,(110-Blue)4.2A Aluminum Dual USB Moto  Lighter Socket For,1058.0,21,840.0,,0,Non,Not a brand,Jumia
1412,(type A)2 USB Port 3 Way Car Lighter Socket,838.0,20,670.0,,0,Non,Not a brand,Jumia
1413,（4pcs No Light）4pcs/lot 12V Car  Lighter Socket Auto Boat Motorcycle Tractor Power Outlet Socket Waterproof Receptacle Car Accessories,676.0,23,520.0,,0,Non,Not a brand,Jumia
1414,(Red)12V/24V QC3.0 Car Charging Socket Waterproof  USB Fast,976.0,20,780.0,,0,Non,Not a brand,Jumia
1415,（Orange） Lighter Socket Waterproof 12V Power Plug Outlet Receptacle For Car Marine Motorcycle ATV RV Socket Power Outlet,676.0,23,520.0,,0,Non,Not a brand,Jumia
1416,(Blue With Cable)12V-24V Car  Lighter Socket Motorcycle Car,838.0,20,670.0,,0,Non,Not a brand,Jumia
1417,(1Pcs With Wire)Extractme Car Lighter Socket,838.0,20,670.0,,0,Non,Not a brand,Jumia
1418,(White)12V-24V Car  Lighter Socket Motorcycle Car Auto Boat,838.0,20,670.0,,0,Non,Not a brand,Jumia
1419,(QC3.0 Red)Lighter Socket Car USB 12V-24V  Powerful,838.0,20,670.0,,0,Non,Not a brand,Jumia
1420,(Orange)12V Motorcycle Car  Lighter In Auto Outlet Plug,838.0,20,670.0,,0,Non,Not a brand,Jumia
1421,(Orange)Car  Lighter Socket 12V-24V Waterproof Plug Power,838.0,20,670.0,,0,Non,Not a brand,Jumia
1422,(With Lighter(Blue))Waterproof Panel Type C PD Socket,1100.0,20,880.0,,0,Non,Not a brand,Jumia
1423,(Red)Universal 12V Car  Lighter Socket 3.1A Dual-port USB,838.0,20,670.0,,0,Non,Not a brand,Jumia
1424,(USB With Panel)Waterproof Panel Type C PD Socket Adapter,1100.0,20,880.0,,0,Non,Not a brand,Jumia
1425,(Orange With Cable)12V-24V Car  Lighter Socket Motorcycle,838.0,20,670.0,,0,Non,Not a brand,Jumia
1426,(Green)12V-24V Car  Lighter Waterproof Plug Socket Suitable,838.0,20,670.0,,0,Non,Not a brand,Jumia
1427,(Green Set)12V Marine USB Outlet Socket Panel 2 In 1,838.0,20,670.0,,0,Non,Not a brand,Jumia
1428,(500CM)2019 New 1m 2m 5m  Lighter Power Extension Cable 12V,948.0,21,750.0,,0,Non,Not a brand,Jumia
1429,(Blue)4 In 1 New Digital +12V Power Socket +Dual USB Power,838.0,20,670.0,,0,Non,Not a brand,Jumia
1430,(Model C)150W Car Charger12V/24V 2Socket Lighter Adapter,1058.0,21,840.0,,0,Non,Not a brand,Jumia
1431,(Gold)36W QC 3.0 Waterproof Universal Motorcycle Car Truck,838.0,20,670.0,,0,Non,Not a brand,Jumia
1432,(Without Lighter-R)12 Volt Car Backlight Adapter Watch,1072.0,21,850.0,,0,Non,Not a brand,Jumia
1433,(Blue)Car  Lighter Socket 12V-24V Waterproof Plug Power,935.0,21,740.0,,0,Non,Not a brand,Jumia
1434,(Blue1)12V 24V Car  Lighter Socket Adapter With Led Light,838.0,20,670.0,,0,Non,Not a brand,Jumia
1435,(No Lighter(Red))Waterproof Panel Type C PD Socket Adapter,1100.0,20,880.0,,0,Non,Not a brand,Jumia
1436,(110-Black)4.2A Aluminum Dual USB Moto  Lighter Socket For,1031.0,20,820.0,,0,Non,Not a brand,Jumia
1437,(type 1 Green)Car  Lighter Sockets Dual USB Motorcycle,948.0,21,750.0,,0,Non,Not a brand,Jumia
1438,（black）1pc 5V 2A USB To 12V  Lighter Socket USB Male To Female  Lighter Adapter Converter Car Electronics Accessories,676.0,23,520.0,,0,Non,Not a brand,Jumia
1439,(110-Golden)4.2A Aluminum Dual USB Moto  Lighter Socket For,1031.0,20,820.0,,0,Non,Not a brand,Jumia
1440,(QC3.0 Silver)QC3.0+ 2.4A Dual USB Ports Car  Lighter,1141.0,20,910.0,,0,Non,Not a brand,Jumia
1441,(Green)12V/24V Triple Aluminum Metal 60W USB-C Multiple Car,838.0,20,670.0,,0,Non,Not a brand,Jumia
1442,(QC3.0 Red)Lighter Socket Car USB 12V-24V  Powerful,838.0,20,670.0,,0,Non,Not a brand,Jumia
1443,(Type-2 Red)4 In 1 LED Digital 12V  Lighter Socket USB,838.0,20,670.0,,0,Non,Not a brand,Jumia
1444,(Red With Wire)Car  Lighter Socket 12V-24V Waterproof Plug,838.0,20,670.0,,0,Non,Not a brand,Jumia
1445,(Yellow Add Wire)12V/24V Waterproof Dual USB Ports Car,838.0,20,670.0,,0,Non,Not a brand,Jumia
1446,Metal Plate With Adhesive Iron Plate For Magnetic Car Phone Holder Stand Circular Square Iron,1066.0,42,618.0,,0,Non,Not a brand,Jumia
1447,1PCS Car Phone Holder Metal Plate Disk For Magnetic Car Phone Holder IRon Sheet For Magnet,1113.0,42,645.0,,0,Non,Not a brand,Jumia
1448,(Rectangle No -B)12 Volt Car Backlight Adapter Watch,1072.0,21,850.0,,0,Non,Not a brand,Jumia
1449,(Blue)Anchtek 36W QC 3.0 Car  Lighter Waterproof Dual USB,838.0,20,670.0,,0,Non,Not a brand,Jumia
1450,4 PCS Car Inner Door Handles For Toyota Corolla 1998-2002,1027.0,30,719.0,,0,Non,Not a brand,Jumia
1451,(No Light With Wire)Car Lighter Socket 12V-24V,838.0,20,670.0,,0,Non,Not a brand,Jumia
1452,(QC3.0 Green)Lighter Socket Car USB 12V-24V  Powerful,838.0,20,670.0,,0,Non,Not a brand,Jumia
1453,(silver)12V Car  Lighter Socket Splitter Plug Dual USB,838.0,20,670.0,,0,Non,Not a brand,Jumia
1454,(No Light)Car Lighter Socket 12V-24V Waterproof Plug,838.0,20,670.0,,0,Non,Not a brand,Jumia
1455,(Blue Cable Hole Saw)Dual USB Motorcycle  Lighter Car,838.0,20,670.0,,0,Non,Not a brand,Jumia
1456,(Red2)12V 24V Car  Lighter Socket Adapter With Led Light,838.0,20,670.0,,0,Non,Not a brand,Jumia
1457,(RD Lighter And Cable)Dual USB Motorcycle  Lighter Car,838.0,20,670.0,,0,Non,Not a brand,Jumia
1458,(3.1A Simple Model)QC3.0+ 2.4A Dual USB Ports Car  Lighter,1141.0,20,910.0,,0,Non,Not a brand,Jumia
1459,(type 1 Red)Car  Lighter Sockets Dual USB Motorcycle,948.0,21,750.0,,0,Non,Not a brand,Jumia
1460,(101)4.2A Aluminum Dual USB Moto  Lighter Socket For BMW,1031.0,20,820.0,,0,Non,Not a brand,Jumia
1461,(Red With Wire)Car  Lighter Socket 12V-24V Waterproof Plug,838.0,20,670.0,,0,Non,Not a brand,Jumia
1462,（White Add Wire） Lighter Socket Waterproof 12V Power Plug Outlet Receptacle For Car Marine Motorcycle ATV RV Socket Power Outlet,676.0,23,520.0,,0,Non,Not a brand,Jumia
1463,（B） Lighter Socket 12V 24V Motorcycle Car Auto Boat Tractor Power Outlet Receptacle Waterproof Plug Black,676.0,23,520.0,,0,Non,Not a brand,Jumia
1464,(Red With Wire)12V/24V Triple Aluminum Metal 60W USB-C,676.0,23,520.0,,0,Non,Not a brand,Jumia
1465,(A)150W Car Charger12V/24V 2Socket  Lighter Adapter Multi,1058.0,21,840.0,,0,Non,Not a brand,Jumia
1466,(Green Led With Cable)Black Color 12V 120W Motorcycle Car,838.0,20,670.0,,0,Non,Not a brand,Jumia
1467,(No Switch-R)Waterproof Panel Type C PD Socket Adapter,1100.0,20,880.0,,0,Non,Not a brand,Jumia
1468,(196-Blue)Portable DIN To USB Outlet DIN Socket USB,1210.0,21,960.0,,0,Non,Not a brand,Jumia
1469,(black)Universal 12V/24V 120W Black Auto Car Usb Car,838.0,20,670.0,,0,Non,Not a brand,Jumia
1470,(black)Dual USB Auto Car  Lighter Socket Splitter Plug For,838.0,20,670.0,,0,Non,Not a brand,Jumia
1471,(4.2A Red)Lighter Socket Car USB 12V-24V  Powerful Lighters,838.0,20,670.0,,0,Non,Not a brand,Jumia
1472,（Blue）Car Charger QC PD 3.0 Quick Charge Socket Power Outlet Adapter Waterproof For Xiaomi IPhone Type C Huawei Car USB Charger,676.0,23,520.0,,0,Non,Not a brand,Jumia
1473,(White Add Wire)Lighter Socket Waterproof 12V Power Plug,838.0,20,670.0,,0,Non,Not a brand,Jumia
1474,(With Lighter-R)12 Volt Car Backlight Adapter Watch,1058.0,21,840.0,,0,Non,Not a brand,Jumia
1475,（Blue With Wire）Car  Lighter Socket 12V-24V Waterproof Plug Power Outlet Adapter For Marine Boat Motorcycle Truck RV ATV With Wire D5,676.0,23,520.0,,0,Non,Not a brand,Jumia
1476,(Blue)12V/24V Dual USB Outlet PD3.0 & QC3.0 USB C Car Fast,990.0,20,790.0,,0,Non,Not a brand,Jumia
1477,Universal Multifunction Car  Lighter 12V For BMW VW Toyota,838.0,20,670.0,,0,Non,Not a brand,Jumia
1478,(Green)12V/24V Dual USB Outlet PD3.0 & QC3.0 USB C Car Fast,976.0,20,780.0,,0,Non,Not a brand,Jumia
1479,（Orange With Wire）Car  Lighter Socket 12V-24V Waterproof Plug Power Outlet Adapter For Marine Boat Motorcycle Truck RV ATV With Wire D5,676.0,23,520.0,,0,Non,Not a brand,Jumia
1480,（EU Plug）220V To 12V  Lighter Socket Adapter Converter Parts Portable Car New,676.0,23,520.0,,0,Non,Not a brand,Jumia
1481,(USB With Panel)12 Volt Car Backlight Adapter Watch,1058.0,21,840.0,,0,Non,Not a brand,Jumia
1482,(Green With 2 In 1)2019 New Arrive  Lighter Socket Splitter,838.0,20,670.0,,0,Non,Not a brand,Jumia
1483,(blue Light)Universal Car  Lighter Socket 12V Waterproof,838.0,20,670.0,,0,Non,Not a brand,Jumia
1484,(Green Cable Hole Saw)Dual USB Motorcycle  Lighter Car,838.0,20,670.0,,0,Non,Not a brand,Jumia
1485,12-24V 120W Motorcycle  Lighter Socket Car Double Hole Electric Seat Waterproof Double Hole  Lighter Socket,768.0,23,591.0,,0,Non,Not a brand,Jumia
1486,(Green With 3 In 1)2019 New Arrive  Lighter Socket Splitter,838.0,20,670.0,,0,Non,Not a brand,Jumia
1487,(Black 3 1A)Universal Portable Dual USB LED Digital Display,838.0,20,670.0,,0,Non,Not a brand,Jumia
1488,(orange)Universal 12V Car  Lighter Assembly Socket Power,990.0,20,790.0,,0,Non,Not a brand,Jumia
1489,(3pack-Simple)12V Waterproof Car Auto Motorcycle  Lighter,838.0,20,670.0,,0,Non,Not a brand,Jumia
1490,(NO SMOKING)12V Universal Car  Lighter On Cover Accessories,838.0,20,670.0,,0,Non,Not a brand,Jumia
1491,(type B)2 USB Port 3 Way Car  Lighter Socket Splitter,838.0,20,670.0,,0,Non,Not a brand,Jumia
1492,（None Led Light）Black Color 12V 120W Motorcycle Car Boat Tractor Accessory Waterproof  Lighter Power Socket Plug Outlet Car-styling,676.0,23,520.0,,0,Non,Not a brand,Jumia
1493,（Black）12V-24V Car  Lighter Waterproof Plug Socket Suitable For Boat Car Motorcycle Tractor Power Socket And Auto Accessories,676.0,23,520.0,,0,Non,Not a brand,Jumia
1494,Nrz Silver Aluminum Car  Lighter For AUDI A1 A3 A4 A5 A6 A7,962.0,20,770.0,,0,Non,Not a brand,Jumia
1495,(US)220V To 12V Portable Car Lighter Socket,1003.0,20,800.0,,0,Non,Not a brand,Jumia
1496,(3 In 1 Cable)New Arrival 12-24V Universal Car,838.0,20,670.0,,0,Non,Not a brand,Jumia
1497,(with 3 In1 Cable)12V Car  Lighter Socket Splitter Plug,838.0,20,670.0,,0,Non,Not a brand,Jumia
1498,Car Round Soft Rubber Dashboard Anti-slip Pad Mat,255.0,30,179.0,,0,Non,Not a brand,Jumia
1499,2M Cables Plug DC 12V 2 Pin Connection Lead Cable Wire Plug Suitable For Car Cooler Box Mini Fridge  Lighter,676.0,23,520.0,,0,Non,Not a brand,Jumia
1500,（4 Port Black）Kebidu 4 Ports USB Car Charge 12V 24V 48W Quick 7A Fast Charging For IPhone 11 Xiaomi Huawei Mobile Phone Charger Adapter In Car,676.0,23,520.0,,0,Non,Not a brand,Jumia
1501,(QC3.0 Silver)QC3.0+ 2.4A Dual USB Ports Car  Lighter,1113.0,20,890.0,,0,Non,Not a brand,Jumia
1502,(Only 60CM Line)12V-24V Car Lighter Socket Base,838.0,20,670.0,,0,Non,Not a brand,Jumia
1503,(Green)Modified 4.2A 12V-24V Car Motorcycle  Lighter Dual,838.0,20,670.0,,0,Non,Not a brand,Jumia
1504,（EU Plug）220V To 12V Adapter Converter Parts Portable Car  Lighter Socket 600ma,782.0,23,601.0,,0,Non,Not a brand,Jumia
1505,(Red)Waterproof 12V 24V Car Boat Motorcycle Dual USB,990.0,20,790.0,,0,Non,Not a brand,Jumia
1506,(Blue Add Wire)12V/24V Waterproof Dual USB Ports Car,838.0,20,670.0,,0,Non,Not a brand,Jumia
1507,(Blue Add Wire)12V/24V Waterproof Dual USB Ports Car,838.0,20,670.0,,0,Non,Not a brand,Jumia
1508,(black)12V 10A Car Accessory  Lighter Socket Extension Cord,838.0,20,670.0,,0,Non,Not a brand,Jumia
1509,(Blue)Motorcycle Car  Lighter In Car Outlet Plug Boat,838.0,20,670.0,,0,Non,Not a brand,Jumia
1510,(Cable)DC 12-24V 4.2A Dual USB Motorcycle  Lighter Car,948.0,21,750.0,,0,Non,Not a brand,Jumia
1511,(Black)Dual USB Port 3 Way 3.1A Blue Led Car  Lighter,838.0,20,670.0,,0,Non,Not a brand,Jumia
1512,(blue)car  Lighter In A Car Socket Splitter 12V-24V 2 Port,935.0,21,740.0,,0,Non,Not a brand,Jumia
1513,(No Volt And Switch)Waterproof Panel Type C PD Socket,1100.0,20,880.0,,0,Non,Not a brand,Jumia
1514,(Green)12V-24V Car  Lighter Socket Waterproof Auto Boat,838.0,20,670.0,,0,Non,Not a brand,Jumia
1515,(Green Add Wire)Lighter Socket Waterproof 12V Power Plug,838.0,20,670.0,,0,Non,Not a brand,Jumia
1516,(BLUE)New Arrive  Lighter Socket Splitter 12V-24V 2 Port,838.0,20,670.0,,0,Non,Not a brand,Jumia
1517,(green)Car  Lighter Socket 12V-24V Waterproof Plug Power,935.0,21,740.0,,0,Non,Not a brand,Jumia
1518,(white)Car Dual Usb Car  Lighter 5V 3.1A Power Socket Fast,838.0,20,670.0,,0,Non,Not a brand,Jumia
1519,（1Pcs）Waterproof Car Auto Motorcycle  Lighter Socket 12V 120W  Auto Power Plug For Motorcycles Boats Mowers Tractors Cars,676.0,23,520.0,,0,Non,Not a brand,Jumia
1520,（Socket With Terminal）12V-24V Car  Lighter Socket Base Waterproof Plug Power Outlet Adapter Black For Car Boat Motorcycle Truck RV ATV D5,676.0,23,520.0,,0,Non,Not a brand,Jumia
1521,4B0 919 305 A 01C   Lighter  Element Socket Plug Fit For Audi A3 A4 A6 2004 2005 2006 2007 2008 2009,676.0,23,520.0,,0,Non,Not a brand,Jumia
1522,(Green1)12V 24V Car  Lighter Socket Adapter With Led Light,838.0,20,670.0,,0,Non,Not a brand,Jumia
1523,(Black)DIN To USB Adapter Portable Angled Motorcycle DIN,838.0,20,670.0,,0,Non,Not a brand,Jumia
1524,(2pcs)2/5pcs Motorcycle  Lighter Socket USB 12V Waterproof,976.0,20,780.0,,0,Non,Not a brand,Jumia
1525,(Package C)Universal Motorcycle Car  Lighter Cover Metal,676.0,23,520.0,,0,Non,Not a brand,Jumia
1526,3Pack Metal Disk Sticker Sheet For Car Magnetic Phone Holder Universal Round Iron Mount,1066.0,42,618.0,,0,Non,Not a brand,Jumia
1527,（black）5PCS 12V High Power Male Car  Lighter Socket Plug Connector With LED High Heat Resistance Auto Accessories,676.0,23,520.0,,0,Non,Not a brand,Jumia
1528,（5USB White）2.1A QC3.0 4 USB Car Charger 12-32V Car Adapter Socket Quick Car Phone Charger With LED Light  For IPhone Samsung Xiaomi,676.0,23,520.0,,0,Non,Not a brand,Jumia
1529,(White)Car  Lighter Socket 12V-24V Waterproof Plug Power,838.0,20,670.0,,0,Non,Not a brand,Jumia
1530,(Blue With Cable)12V-24V Car  Lighter Socket Motorcycle Car,838.0,20,670.0,,0,Non,Not a brand,Jumia
1531,(white)2 Way Car  Lighter Splitter Multi Socket Dual USB,838.0,20,670.0,,0,Non,Not a brand,Jumia
1532,(196-Golden)Portable DIN To USB Outlet DIN Socket USB,1210.0,21,960.0,,0,Non,Not a brand,Jumia
1533,(Green Add Wire)Lighter Socket Waterproof 12V Power Plug,838.0,20,670.0,,0,Non,Not a brand,Jumia
1534,(QC 3.0 Blue)USB Car Motorcycle  Lighter QC 3.0 Dual USB,838.0,20,670.0,,0,Non,Not a brand,Jumia
1535,(green)12V-24V 2 Port  Lighter Socket Splitter USB Car,838.0,20,670.0,,0,Non,Not a brand,Jumia
1536,(EU)220V To 12V Portable Car Lighter Socket,1003.0,20,800.0,,0,Non,Not a brand,Jumia
1537,(Red Cable Hole Saw)Dual USB Motorcycle  Lighter Car,838.0,20,670.0,,0,Non,Not a brand,Jumia
1538,（only Wire）Universal Car  Lighter Socket 12V Waterproof Boat Motorcycle ATV RV Truck  Lighter Sockets Power Plug Outlet,676.0,23,520.0,,0,Non,Not a brand,Jumia
1539,（RED 3PCS）Extractme QC3.0 Dual USB Charger 12V Socket Adapter Power Outlet Fast Charge With LED  For IPhone Huawei Samsung S8 S7,676.0,23,520.0,,0,Non,Not a brand,Jumia
1540,（Dark Grey）Alloy Car Charger Dual USB Fast Charger 4.8A 24W Quick Charge For Xiaomi Samsung Phone Car Charger,676.0,23,520.0,,0,Non,Not a brand,Jumia
1541,(black)New Arrival 12-24V Universal Car Auto  Lighter Dual,838.0,20,670.0,,0,Non,Not a brand,Jumia
1542,(Blue Add Wire)Lighter Socket Waterproof 12V Power Plug,838.0,20,670.0,,0,Non,Not a brand,Jumia
1543,(RED)2019 New Arrive  Lighter Socket Splitter 12V-24V 2,838.0,20,670.0,,0,Non,Not a brand,Jumia
1544,(Blue Add Wire)12V/24V Waterproof Dual USB Ports Car,838.0,20,670.0,,0,Non,Not a brand,Jumia
1545,(110-Golden)4.2A Aluminum Dual USB Moto  Lighter Socket For,1031.0,20,820.0,,0,Non,Not a brand,Jumia
1546,(Orange With Cable)12V-24V Car  Lighter Socket Motorcycle,838.0,20,670.0,,0,Non,Not a brand,Jumia
1547,(green)Waterproof 12V-24V Mini Micro Dual USB Plug   Car,948.0,21,750.0,,0,Non,Not a brand,Jumia
1548,(US)Universal AC 220V To DC 12V EU US Plug Converter Car,838.0,20,670.0,,0,Non,Not a brand,Jumia
1549,(Black)Aluminum Car  Lighter On FIRE MISSILE EJECT PANIC On,838.0,20,670.0,,0,Non,Not a brand,Jumia
1550,(red)36W QC 3.0 Waterproof Universal Motorcycle Car Truck,838.0,20,670.0,,0,Non,Not a brand,Jumia
1551,(Black With Wire)12V/24V Triple Aluminum Metal 60W USB-C,976.0,20,780.0,,0,Non,Not a brand,Jumia
1552,（EU Plug）Car Parts 220V To 12V Socket Adapter Converter Portable Lighter Hot Sale,676.0,23,520.0,,0,Non,Not a brand,Jumia
1553,(Red With Wire)Car  Lighter Socket 12V-24V Waterproof Plug,838.0,20,670.0,,0,Non,Not a brand,Jumia
1554,(196-Red)Portable DIN To USB Outlet DIN Socket USB Splitter,1210.0,21,960.0,,0,Non,Not a brand,Jumia
1555,(115W)Anchtek 115W Car Lighter USB Type-C PD 3-Port,1058.0,21,840.0,,0,Non,Not a brand,Jumia
1556,（Blue With Wire）Car  Lighter Socket Waterproof 12V-24V Auto Boat Motorcycle Tractor Power Outlet Socket Receptacle Car Accessories,676.0,23,520.0,,0,Non,Not a brand,Jumia
1557,(green)Universal 12V Car  Lighter Assembly Socket Power,962.0,20,770.0,,0,Non,Not a brand,Jumia
1558,(Orange)Lighter Socket Waterproof 12V Power Plug Outlet,838.0,20,670.0,,0,Non,Not a brand,Jumia
1559,(White With Wire)Car  Lighter Socket 12V-24V Waterproof,838.0,20,670.0,,0,Non,Not a brand,Jumia
1560,(Red With Wire)12V/24V QC3.0 Car Charging Socket Waterproof,990.0,20,790.0,,0,Non,Not a brand,Jumia
1561,(3.1A Black)Kebidu 4 Ports USB Car Charge 12V 24V 48W Quick,838.0,20,670.0,,0,Non,Not a brand,Jumia
1562,(Blue)New Car Accessories 5V 4.2A Dual USB Car Charger,838.0,20,670.0,,0,Non,Not a brand,Jumia
1563,(110-Red)Mini QC3.0 Quick Charge DIN USB Power Adapter DIN,1237.0,20,990.0,,0,Non,Not a brand,Jumia
1564,(type 2 Green)Dual Usb Car Charger Socket 12V-24V Car,1086.0,21,860.0,,0,Non,Not a brand,Jumia
1565,(blue Light N Cable)Universal  Lighter Car Charger USB,838.0,20,670.0,,0,Non,Not a brand,Jumia
1566,(Green)Dual USB Charger Socket 5V 4.2A 2.1A Fast Charging,838.0,20,670.0,,0,Non,Not a brand,Jumia
1567,(White)2.1A & 2.1A Dual USB Charger Socket Power Adapter,838.0,20,670.0,,0,Non,Not a brand,Jumia
1568,(New Green)QC 3.0 USB Charger Socket Outlet Power Charger,1017.0,20,810.0,,0,Non,Not a brand,Jumia
1569,(New Red)QC 3.0 USB Charger Socket Outlet Power Charger,1017.0,20,810.0,,0,Non,Not a brand,Jumia
1570,(Green Add Wire)Quick Charge 3.0 Dual USB Car Charger,948.0,21,750.0,,0,Non,Not a brand,Jumia
1571,(Type B Red 1pc)12-24V USB Car Charge USB Auto Socket QC3.0,1347.0,21,1070.0,,0,Non,Not a brand,Jumia
1572,(Type 1 Silver)12V Car Charger  Lighter Socket Splitter,1072.0,21,850.0,,0,Non,Not a brand,Jumia
1573,(QC3.0 Red Add Wire)4.2A Dual USB Fast Charger With Switch,838.0,20,670.0,,0,Non,Not a brand,Jumia
1574,(blue)3.1A USB Car Charger Mobile Phone Dual USB Charging,838.0,20,670.0,,0,Non,Not a brand,Jumia
1575,(Red)New Car Accessories 5V 4.2A Dual USB Car Charger,838.0,20,670.0,,0,Non,Not a brand,Jumia
1576,(Red With Cable)Car Charger Car  Lighter Socket Splitter,1003.0,20,800.0,,0,Non,Not a brand,Jumia
1577,(Red Add Wire)Quick Charge 3.0 Dual USB Power Outlet With,962.0,20,770.0,,0,Non,Not a brand,Jumia
1578,(Red With Cable)36W Quick Charge 3.0 USB Car Charger Socket,990.0,20,790.0,,0,Non,Not a brand,Jumia
1579,(type 2 Orange)Dual Usb Car Charger Socket 12V-24V Car,1113.0,20,890.0,,0,Non,Not a brand,Jumia
1580,(type 1 Blue)Dual Usb Car Charger Socket 12V-24V Car,1086.0,21,860.0,,0,Non,Not a brand,Jumia
1581,(Red)Quick Charge QC 3.0 36W Car Dual USB Charger Socket,838.0,20,670.0,,0,Non,Not a brand,Jumia
1582,(Blue)Universal  Lighter Car Charger USB Vehicle DC12V-32V,838.0,20,670.0,,0,Non,Not a brand,Jumia
1583,（Blue With Wire）Car  Lighter Socket 12V-24V Waterproof Plug Power Outlet Adapter For Marine Boat Motorcycle Truck RV ATV With Wire D5,676.0,23,520.0,,0,Non,Not a brand,Jumia
1584,(Green)Quick Charge 3.0 Dual USB Car Charger Socket,838.0,20,670.0,,0,Non,Not a brand,Jumia
1585,(Green)Dual USB Charger Socket 5V 4.2A 2.1A Fast Charging,838.0,20,670.0,,0,Non,Not a brand,Jumia
1586,(Gold)Dual USB Car Charger Fast Charging QC 3.0 With,1003.0,20,800.0,,0,Non,Not a brand,Jumia
1587,(Green No Wire)USB Car Charger Socket Dual QC3.0 Port Quick,1003.0,20,800.0,,0,Non,Not a brand,Jumia
1588,(Red With Wire)Extractme 5V 3.1A  Lighter USB Car Charger,838.0,20,670.0,,0,Non,Not a brand,Jumia
1589,(Silver 40W PD PD)Extractme PD USB C Fast Charger 40W,838.0,20,670.0,,0,Non,Not a brand,Jumia
1590,(Type A Red 2pcs)12-24V USB Car Charge USB Auto Socket,1347.0,21,1070.0,,0,Non,Not a brand,Jumia
1591,(QC3.0 Red)4.2A Dual USB Fast Charger With Switch Socket,838.0,20,670.0,,0,Non,Not a brand,Jumia
1592,(Blue Light)36W Quick Charge 3.0 USB Car Charger Socket,990.0,20,790.0,,0,Non,Not a brand,Jumia
1593,(red Led)2019 USB Charger Cover For Motorcycle Auto Truck,838.0,20,670.0,,0,Non,Not a brand,Jumia
1594,(Blue C)PD Type C/QC 3.0 Usb Charger Power Outlet Digital,935.0,21,740.0,,0,Non,Not a brand,Jumia
1595,(black)12V-24V Waterproof Motorcycle Charger Moto Handlebar,838.0,20,670.0,,0,Non,Not a brand,Jumia
1596,(Blue(PRO))QC 3.0 Dual USB Car Charger Socket With Cable,990.0,20,790.0,,0,Non,Not a brand,Jumia
1597,(Red)PD Type C Car Charger Socket QC3.0 Dual Ports 60W USB,1045.0,21,830.0,,0,Non,Not a brand,Jumia
1598,(New Blue)QC 3.0 USB Charger Socket Outlet Power Charger,990.0,20,790.0,,0,Non,Not a brand,Jumia
1599,(black)USB Car Charger Fast Charging Dual USB Adapter 3.1A,838.0,20,670.0,,0,Non,Not a brand,Jumia
1600,(Black)12V-24V Car  Lighter Charger USB Auto QC 3.0 Quick,838.0,20,670.0,,0,Non,Not a brand,Jumia
1601,(Rose Red)Universal Portable LED Light Ring Quick Charge,838.0,20,670.0,,0,Non,Not a brand,Jumia
1602,(green Light N Cable)Universal  Lighter Car Charger USB,838.0,20,670.0,,0,Non,Not a brand,Jumia
1603,(Type A Blue 2pcs)12-24V USB Car Charge USB Auto Socket,1347.0,21,1070.0,,0,Non,Not a brand,Jumia
1604,(4.2A Red)Extractme 4.2A Dual USB Charger Socket QC3.0 Car,838.0,20,670.0,,0,Non,Not a brand,Jumia
1605,(3.1A Blue)Extractme Dual USB Charger Socket Waterproof,838.0,20,670.0,,0,Non,Not a brand,Jumia
1606,(New Blue)QC 3.0 USB Charger Socket Outlet Power Charger,990.0,20,790.0,,0,Non,Not a brand,Jumia
1607,(Red With Wire)12V/24V Triple USB C Car Charger Socket USB,1058.0,21,840.0,,0,Non,Not a brand,Jumia
1608,(Red\tA)Quick Charger PD + Quick Charge 3.0 Dual USB Ports,838.0,20,670.0,,0,Non,Not a brand,Jumia
1609,(black)New 3.1A Dual USB Car Charger With LED Display,838.0,20,670.0,,0,Non,Not a brand,Jumia
1610,(2USB BLACK)2.1A QC3.0 4 USB Car Charger 12-32V Car Adapter,838.0,20,670.0,,0,Non,Not a brand,Jumia
1611,(3USB Black)2.1A QC3.0 4 USB Car Charger 12-32V Car Adapter,838.0,20,670.0,,0,Non,Not a brand,Jumia
1612,(silver)Car Accessories Car Charger Dual USB QC 3.0 Adapter,838.0,20,670.0,,0,Non,Not a brand,Jumia
1613,(Q15-Orange)2022New Car Fast Charger Auto Charger Quick,1017.0,20,810.0,,0,Non,Not a brand,Jumia
1614,(3.1A Blue)Extractme Dual USB Charger Socket Waterproof,838.0,20,670.0,,0,Non,Not a brand,Jumia
1615,(Red)Car Motorcycle  Lighter Dual USB Charger 12V 24V Boat,838.0,20,670.0,,0,Non,Not a brand,Jumia
1616,(Blue B)PD Type C/QC 3.0 Usb Charger Power Outlet Digital,838.0,20,670.0,,0,Non,Not a brand,Jumia
1617,(110-Red)Mini QC3.0 Quick Charge DIN USB Power Adapter DIN,1210.0,21,960.0,,0,Non,Not a brand,Jumia
1618,(red)Dual Usb Car Charger 3.1A Car  Lighter Universal USB,838.0,20,670.0,,0,Non,Not a brand,Jumia
1619,(4.2A Blue)Dual USB Car Charger Motorcycle Plug 2 USB,1045.0,21,830.0,,0,Non,Not a brand,Jumia
1620,(Blue B)PD Type C/QC 3.0 Usb Charger Power Outlet Digital,935.0,21,740.0,,0,Non,Not a brand,Jumia
1621,(Black USB)12v Car Charger USB Auto  Lighter Socket,1100.0,20,880.0,,0,Non,Not a brand,Jumia
1622,(239-Golden)Mini QC3.0 Quick Charge DIN USB Power Adapter,1237.0,20,990.0,,0,Non,Not a brand,Jumia
1623,(RED 3PCS)Extractme QC3.0 Dual USB Charger 12V Socket,838.0,20,670.0,,0,Non,Not a brand,Jumia
1624,(White Add Wire)Dual USB Charger Socket Power Outlet With,838.0,20,670.0,,0,Non,Not a brand,Jumia
1625,(red Led)2019 USB Charger Cover For Motorcycle Auto Truck,838.0,20,670.0,,0,Non,Not a brand,Jumia
1626,(239-Golden)Mini QC3.0 Quick Charge DIN USB Power Adapter,1210.0,21,960.0,,0,Non,Not a brand,Jumia
1627,(Blue With Wire)Quick Charge 3.0 Dual USB Car Charger,976.0,20,780.0,,0,Non,Not a brand,Jumia
1628,(Red)Dual USB Car Charger Fast Charging QC 3.0 With,1003.0,20,800.0,,0,Non,Not a brand,Jumia
1629,(Gold)12V 24v Car Charger QC3.0 Fast Charging 3USB  Lighter,838.0,20,670.0,,0,Non,Not a brand,Jumia
1630,(Red)QC3.0 Dual USB QC Car Socket Charger 12-24V  LED Car,838.0,20,670.0,,0,Non,Not a brand,Jumia
1631,(Red With Cable)Car Charger Car  Lighter Socket Splitter,1031.0,20,820.0,,0,Non,Not a brand,Jumia
1632,(Red-Line-Standard)24W LED Display Car USB Charger Touch,1017.0,20,810.0,,0,Non,Not a brand,Jumia
1633,(White Light)36W Quick Charge 3.0 USB Car Charger Socket,1017.0,20,810.0,,0,Non,Not a brand,Jumia
1634,(green Led)Car  Lighter Sockets Dual USB Motorcycle Charger,838.0,20,670.0,,0,Non,Not a brand,Jumia
1635,(110-Black)Mini QC3.0 Quick Charge DIN USB Power Adapter,1237.0,20,990.0,,0,Non,Not a brand,Jumia
1636,(110-Blue)Mini QC3.0 Quick Charge DIN USB Power Adapter DIN,1210.0,21,960.0,,0,Non,Not a brand,Jumia
1637,(1 Pcs Blue)Quick Charge Dual USB Car Charger For IPhone,948.0,21,750.0,,0,Non,Not a brand,Jumia
1638,(Green)Waterproof 4.2A USB Fast Charger With Switch Socket,976.0,20,780.0,,0,Non,Not a brand,Jumia
1639,(3USB Black)2.1A QC3.0 4 USB Car Charger 12-32V Car Adapter,838.0,20,670.0,,0,Non,Not a brand,Jumia
1640,(green)New Car Accessories 5V 4.2A Dual USB Car Charger,838.0,20,670.0,,0,Non,Not a brand,Jumia
1641,（cable）12V 24V 120W  Lighter Waterproof Power Motorcycle Boat Car  Lighter Socket Plug With F & Wire,676.0,23,520.0,,0,Non,Not a brand,Jumia
1642,(Red)Motorcycle Car 12V 120W Power Socket With LED Light,935.0,21,740.0,,0,Non,Not a brand,Jumia
1643,（No Light With Wire）Car  Lighter Socket 12V-24V Waterproof Plug Power Outlet Adapter For Marine Boat Motorcycle Truck RV ATV With Wire D5,676.0,23,520.0,,0,Non,Not a brand,Jumia
1644,（4m）12V 24V DC Car   Lighter Plug Pre Wired Male Connector 20A Fd With 0.6m 1.5m 4m Wire Car Accessories,794.0,23,611.0,,0,Non,Not a brand,Jumia
1645,(Red Light)12V Car  Lighter Socket Waterproof Auto Boat,838.0,20,670.0,,0,Non,Not a brand,Jumia
1646,(Blue Light)2020 Car  Lighter Socket Universal 12V 120W,838.0,20,670.0,,0,Non,Not a brand,Jumia
1647,(only Cable)USB Car Lighter Motorcycle QC 3.0 Dual,948.0,21,750.0,,0,Non,Not a brand,Jumia
1648,(Green)12V/24V Triple Aluminum Metal 60W USB-C Multiple Car,838.0,20,670.0,,0,Non,Not a brand,Jumia
1649,(NO Light)12V Car  Lighter Socket Auto Boat Motorcycle,838.0,20,670.0,,0,Non,Not a brand,Jumia
1650,(Only Wire)Car Lighter Socket 12V-24V Waterproof,838.0,20,670.0,,0,Non,Not a brand,Jumia
1651,(Orange)12V-24V Car  Lighter Socket Motorcycle Car Auto,838.0,20,670.0,,0,Non,Not a brand,Jumia
1652,(2m)Dependable Car Styling 12V 10A Car Accessory,1003.0,20,800.0,,0,Non,Not a brand,Jumia
1653,(Green With Wire)Car  Lighter Socket Waterproof 12V-24V,838.0,20,670.0,,0,Non,Not a brand,Jumia
1654,"Dual Qc3.0  Lighter Socket Distributor, 250W Waterproof 12V",676.0,23,520.0,,0,Non,Not a brand,Jumia
1655,(Red)12V Motorcycle Car  Lighter In Auto Outlet Plug Boat,838.0,20,670.0,,0,Non,Not a brand,Jumia
1656,(1pack Cable-Simple)12V Waterproof Car Auto,838.0,20,670.0,,0,Non,Not a brand,Jumia
1657,(No Light)Car  Lighter Socket 12V-24V Waterproof Plug Power,838.0,20,670.0,,0,Non,Not a brand,Jumia
1658,(With Lighter(Red))Waterproof Panel Type C PD Socket,1100.0,20,880.0,,0,Non,Not a brand,Jumia
1659,（Blue） Lighter Socket Waterproof 12V Power Plug Outlet Receptacle For Car Marine Motorcycle ATV RV Socket Power Outlet,676.0,23,520.0,,0,Non,Not a brand,Jumia
1660,(Blue)12V-24V Car  Lighter Socket Waterproof Auto Boat,838.0,20,670.0,,0,Non,Not a brand,Jumia
1661,(Green With 2 In 1)2019 New Arrive  Lighter Socket Splitter,838.0,20,670.0,,0,Non,Not a brand,Jumia
1662,(100cm)12V 10A Car Lighter Plug Connector Adapter,838.0,20,670.0,,0,Non,Not a brand,Jumia
1663,(Green With 2 In 1)2019 New Arrive  Lighter Socket Splitter,838.0,20,670.0,,0,Non,Not a brand,Jumia
1664,(Orange With Cable)12V-24V Car  Lighter Socket Motorcycle,838.0,20,670.0,,0,Non,Not a brand,Jumia
1665,(Orange With Wire)Car  Lighter Socket 12V-24V Waterproof,838.0,20,670.0,,0,Non,Not a brand,Jumia
1666,(EU Plug)220V To 12V Lighter Socket Adapter,921.0,21,730.0,,0,Non,Not a brand,Jumia
1667,Metal Plate With Adhesive Iron Plate For Magnetic Car Phone Holder Stand Circular Square Iron,1066.0,42,618.0,,0,Non,Not a brand,Jumia
1668,Universal 12V   Lighter Socket Power Plug Outlet Parts For Auto Car Truck Environmental Protection&Flame Retardant,676.0,23,520.0,,0,Non,Not a brand,Jumia
1669,（Blue Light）12V Car  Lighter Socket Waterproof Auto Boat Motorcycle Tractor Power Outlet Socket Receptacle Car Accessories Black,676.0,23,520.0,,0,Non,Not a brand,Jumia
1670,"(30W Dual Type-C)Anchtek 30W USB C Car Charger, Smallest",962.0,20,770.0,,0,Non,Not a brand,Jumia
1671,(12V-B)New 12V Chrome Car  Lighter Dustproof Decorative For,676.0,23,520.0,,0,Non,Not a brand,Jumia
1672,（Only Wire）Extractme Car  Lighter Socket 12/24V Waterproof Plug Power Outlet Adapter For Motorcycle Truck RV ATV Boat With Wire,676.0,23,520.0,,0,Non,Not a brand,Jumia
1673,(Blue)12V-24V 2 Port  Lighter Socket Splitter USB Car,1003.0,20,800.0,,0,Non,Not a brand,Jumia
1674,(Only Cable)12V-24V Car  Lighter Socket Motorcycle Car Auto,838.0,20,670.0,,0,Non,Not a brand,Jumia
1675,(Blue Led With Cable)Black Color 12V 120W Motorcycle Car,838.0,20,670.0,,0,Non,Not a brand,Jumia
1676,(Green Led Light)Black Color 12V 120W Motorcycle Car Boat,838.0,20,670.0,,0,Non,Not a brand,Jumia
1677,(black)12-24V EU PLUG - DIN Socket To  Lighter Converter,838.0,20,670.0,,0,Non,Not a brand,Jumia
1678,(Blue)Car  Lighter Socket 12V Waterproof Auto Boat,838.0,20,670.0,,0,Non,Not a brand,Jumia
1679,(Orange)2019 New  Lighter Socket Splitter 12V-24V 2 Port,1182.0,20,940.0,,0,Non,Not a brand,Jumia
1680,（lighter Cable）12V 24V 120W  Lighter Waterproof Power Motorcycle Boat Car  Lighter Socket Plug With F  Wire,676.0,23,520.0,,0,Non,Not a brand,Jumia
1681,12 AWG 1.5M 5 Ft. 12V/30A Female Car   Lighter Copper Socket Plug Connector Adapter,676.0,23,520.0,,0,Non,Not a brand,Jumia
1682,(Green)Motorcycle Car  Lighter In Car Outlet Plug Boat,838.0,20,670.0,,0,Non,Not a brand,Jumia
1683,(Green Add Wire)12V/24V Waterproof Dual USB Ports Car,838.0,20,670.0,,0,Non,Not a brand,Jumia
1684,(Green LED)Lighter Socket In Car 5V 3.1A Power Adapter,838.0,20,670.0,,0,Non,Not a brand,Jumia
1685,(No Switch-R)Waterproof Panel Type C PD Socket Adapter,1113.0,20,890.0,,0,Non,Not a brand,Jumia
1686,（C） Lighter Socket 12V 24V Motorcycle Car Auto Boat Tractor Power Outlet Receptacle Waterproof Plug Black,676.0,23,520.0,,0,Non,Not a brand,Jumia
1687,（blue）3.1A Car Charger For  Lighter USB Charger Voltage Display Adapter Fast Charging For Xiaomi IPhone Samsung Huawei,676.0,23,520.0,,0,Non,Not a brand,Jumia
1688,(black)120W Auto Car  Lighter Splitter Socket Dual USB,1100.0,20,880.0,,0,Non,Not a brand,Jumia
1689,(Red)4 In 1 New Digital +12V Power Socket +Dual USB Power,838.0,20,670.0,,0,Non,Not a brand,Jumia
1690,(Blue With Wire)12V/24V QC3.0 Car Charging Socket,976.0,20,780.0,,0,Non,Not a brand,Jumia
1691,（Socket）Car Interior Accessories Universal Plug  Lighter Socket Assembly Replacement For BMW All Series 61346973035,873.0,23,672.0,,0,Non,Not a brand,Jumia
1692,1pcs/3pcs/5pcs Metal Plate Disk For Magnet Car Phone Holder Iron Sheet Sticker For Magnetic,1066.0,42,618.0,,0,Non,Not a brand,Jumia
1693,(blue)car  Lighter In A Car Socket Splitter 12V-24V 2 Port,962.0,20,770.0,,0,Non,Not a brand,Jumia
1694,(No Light With Wire)Car  Lighter Socket 12V-24V Waterproof,838.0,20,670.0,,0,Non,Not a brand,Jumia
1695,(Blue)Car  Lighter Socket 12V-24V Waterproof Plug Power,838.0,20,670.0,,0,Non,Not a brand,Jumia
1696,(Blue LED)Lighter Socket In Car 5V 3.1A Power Adapter,838.0,20,670.0,,0,Non,Not a brand,Jumia
1697,(White)Lighter Socket Waterproof 12V Power Plug Outlet,838.0,20,670.0,,0,Non,Not a brand,Jumia
1698,10Pcs/5pcs/lot Metal Plate Disk Iron Sheet For Magnetic Car Phone Holder Stand Metal Plate For,1322.0,42,767.0,,0,Non,Not a brand,Jumia
1699,(spotlight 3m Cable)12V 24V 36W LED Light,4097.0,20,3270.0,,0,Non,Not a brand,Jumia
1700,（Gold）3.1A 1A Dual USB Car Charger Universal 12V Car  Lighter Charger Socket Adapter For IPhone Samsung Phone,676.0,23,520.0,,0,Non,Not a brand,Jumia
1701,（black）Lighter Element Eco-friendly Wide Application Metal Vehicle Lighter Knob Element 1447680 1073223 Compatible With Ford Focus,676.0,23,520.0,,0,Non,Not a brand,Jumia
1702,(type 2 Blue)Car  Lighter Sockets Dual USB Motorcycle,948.0,21,750.0,,0,Non,Not a brand,Jumia
1703,(Type 2 Green)DC 12-24V 4.2A Dual USB Motorcycle  Lighter,948.0,21,750.0,,0,Non,Not a brand,Jumia
1704,(1Pcs With Wire)Extractme Car  Lighter Socket 12/24V,838.0,20,670.0,,0,Non,Not a brand,Jumia
1705,(Not Light)12V-24V Car  Lighter Socket Motorcycle Car Auto,838.0,20,670.0,,0,Non,Not a brand,Jumia
1706,(White Add Wire)12V/24V Waterproof Dual USB Ports Car,838.0,20,670.0,,0,Non,Not a brand,Jumia
1707,(Green)Lighter Socket Waterproof 12V Power Plug Outlet,838.0,20,670.0,,0,Non,Not a brand,Jumia
1708,(Orange)Modified 4.2A 12V-24V Car Motorcycle  Lighter Dual,838.0,20,670.0,,0,Non,Not a brand,Jumia
1709,（Red） Lighter Socket Waterproof 12V Power Plug Outlet Receptacle For Car Marine Motorcycle ATV RV Socket Power Outlet,676.0,23,520.0,,0,Non,Not a brand,Jumia
1710,（Green1）12V 24V Car  Lighter Socket Adapter With Led Light Waterproof For Auto Boat Motorcycle Tractor Power Outlet Plug,676.0,23,520.0,,0,Non,Not a brand,Jumia
1711,(type B)2 USB Port 3 Way Car  Lighter Socket Splitter DC,935.0,21,740.0,,0,Non,Not a brand,Jumia
1712,(Red LED)Lighter Socket In Car 5V 3.1A Power Adapter,838.0,20,670.0,,0,Non,Not a brand,Jumia
1713,(black)12V/24V 120W Universal 3 Ways Car  Lighter Adapter,962.0,20,770.0,,0,Non,Not a brand,Jumia
1714,(G With 3 In 1 Cable)Car  Lighter In A Car QC 3.0 USB,976.0,20,780.0,,0,Non,Not a brand,Jumia
1715,(Only Cable)12V-24V Car  Lighter Socket Motorcycle Car Auto,838.0,20,670.0,,0,Non,Not a brand,Jumia
1716,(Green Add Wire)Lighter Socket Waterproof 12V Power Plug,838.0,20,670.0,,0,Non,Not a brand,Jumia
1717,(Green1)12V 24V Car  Lighter Socket Adapter With Led Light,838.0,20,670.0,,0,Non,Not a brand,Jumia
1718,（1m）Dependable Car Styling 12V 10A Car Accessory  Lighter Socket Extension Cord Cable 1m 2m 5m #30,755.0,23,581.0,,0,Non,Not a brand,Jumia
1719,（Black）USB Car Charger Fast Charging Dual USB Adapter 3.1A  Lighter Socket For Iphone Samsung Mobile Phones Car Accessories,676.0,23,520.0,,0,Non,Not a brand,Jumia
1720,(RED)SALE 4 In 1 Car  Lighter Digital  Dual Usb Power,838.0,20,670.0,,0,Non,Not a brand,Jumia
1721,6 PCS Car Mobile Phone Bracket Base Accessories,798.0,30,559.0,,0,Non,Not a brand,Jumia
1722,Universal Flexible Cell Phone Clip Dashboard Holder,441.0,30,309.0,,0,Non,Not a brand,Jumia
1723,CM21E Aluminum Folding Bracket,1298.0,30,909.0,,0,Non,Not a brand,Jumia
1724,Car Mobile Phone Holder Snap-On Metal Bracket,941.0,30,659.0,,0,Non,Not a brand,Jumia
1725,360-degree Rotating Dashboard Car Holder,927.0,30,649.0,,0,Non,Not a brand,Jumia
1726,CAFELE Car Automatic Sensing Dashboard Bracket,1512.0,30,1059.0,,0,Non,Not a brand,Jumia
1727,"Car Phone Holder , Style:3 In 1",627.0,30,439.0,,0,Non,Not a brand,Jumia
1728,Car Phone Holder Sucker Mount Stand,870.0,30,609.0,,0,Non,Not a brand,Jumia
1729,Compartment Suction Cup Universal Car Mobile Phone Bracket,612.0,30,429.0,,0,Non,Not a brand,Jumia
1730,CAR PHONE HOLDER,584.0,30,409.0,,0,Non,Not a brand,Jumia
1731,3PCS Car Multi-function Magnetic Suction Phone Bracket,670.0,30,469.0,,0,Non,Not a brand,Jumia
1732,Car Seat Telescopic Bracket Mobile Phone Bracket,841.0,30,589.0,,0,Non,Not a brand,Jumia
1733,JS-G01 Car Multipurpose Bracket Octopus Cell Phone Holder,1041.0,30,729.0,,0,Non,Not a brand,Jumia
1734,2 PCS Car Brackets,1655.0,30,1159.0,,0,Non,Not a brand,Jumia
1735,Car Octopus Shape Magnetic Mobile Phone Holder,355.0,30,249.0,,0,Non,Not a brand,Jumia
1736,CAFELE Car Air Outlet Mobile Phone Holder Bracket,698.0,30,489.0,,0,Non,Not a brand,Jumia
1737,CAFELE Car Automatic Sensing Bracket,1327.0,30,929.0,,0,Non,Not a brand,Jumia
1738,Car Dashboard Tablet Holder + Tray,1255.0,30,879.0,,0,Non,Not a brand,Jumia
1739,Car QI Standard Automatic Induction Wireless Charger Bracket,1584.0,30,1109.0,,0,Non,Not a brand,Jumia
1740,2 PCS Car Mobile Phone Holder,855.0,30,599.0,,0,Non,Not a brand,Jumia
1741,Car Beverage Table Food Rack,2884.0,30,2019.0,,0,Non,Not a brand,Jumia
1742,360 Degree Rotatable Nanometer Car Air Vent Holder,941.0,30,659.0,,0,Non,Not a brand,Jumia
1743,YF011 Car Phone Holder With Number Plate,512.0,30,359.0,,0,Non,Not a brand,Jumia
1744,Vehicle Frame Suction Cup Car Mount Phone Holder,741.0,30,519.0,,0,Non,Not a brand,Jumia
1745,"915 Generation Qian Xi Lu Patent leather wallets, hasp zipper clutch bags",1540.8,44,856.0,,0,Non,Not a brand,Jumia
1746,"Car Phone Holder, Colour: Matte Red",712.0,30,499.0,,0,Non,Not a brand,Jumia
1747,Car Small Clip Multi-function Mobile Phone Holder,570.0,30,399.0,,0,Non,Not a brand,Jumia
1748,2 PCS Car Rearview Mirror Universal Mobile Phone Bracket,670.0,30,469.0,,0,Non,Not a brand,Jumia
1749,5 Pairs Car Dashboard Adjustable Bracket,484.0,30,339.0,,0,Non,Not a brand,Jumia
1750,Car Diamond Magnetic Air Outlet Mobile Phone Holder,455.0,30,319.0,,0,Non,Not a brand,Jumia
1751,Car Diamond Magnetic Air Outlet Mobile Phone Holder,455.0,30,319.0,,0,Non,Not a brand,Jumia
1752,"10 PCS Car Air Outlet Mobile Phone Holder Clip, Color: Black",641.0,30,449.0,,0,Non,Not a brand,Jumia
1753,Back Seat Flat Telescopic Bracket,1155.0,30,809.0,,0,Non,Not a brand,Jumia
1754,Car Mobile Phone Holder Buckle,555.0,30,389.0,,0,Non,Not a brand,Jumia
1755,"2 PCS Car Phone Holder, Colour: F16 Silver",612.0,30,429.0,,0,Non,Not a brand,Jumia
1756,"Sumaxpro D8 Car Dashboard Phone Holder, Color: Black",655.0,30,459.0,,0,Non,Not a brand,Jumia
1757,Car Dashboard Tablet Holder + Tray,1227.0,30,859.0,,0,Non,Not a brand,Jumia
1758,5PCS P-0028 Car Round Outlet Phone Bracket Folder,927.0,30,649.0,,0,Non,Not a brand,Jumia
1759,Vehicle Bracket Magnetic Bracket,370.0,30,259.0,,0,Non,Not a brand,Jumia
1760,Air Inlet Cup Seat 2 In 1 Universal Car Mobile Phone Bracket,841.0,30,589.0,,0,Non,Not a brand,Jumia
1761,(Green Add Wire)12V/24V Waterproof Dual USB Ports Car,838.0,20,670.0,,0,Non,Not a brand,Jumia
1762,12V Male Car  Lighter Socket Plug Motorcycle Socket Power,838.0,20,670.0,,0,Non,Not a brand,Jumia
1763,(Orange)Lighter Socket Waterproof 12V Power Plug Outlet,838.0,20,670.0,,0,Non,Not a brand,Jumia
1764,(Red Add Wire)12V/24V Waterproof Dual USB Ports Car,838.0,20,670.0,,0,Non,Not a brand,Jumia
1765,(300CM)2019 New 12V 24V 10A Car Accessory Lighter,1072.0,21,850.0,,0,Non,Not a brand,Jumia
1766,(black)12V/24V 120W Universal 3 Ways Car  Lighter Adapter,935.0,21,740.0,,0,Non,Not a brand,Jumia
1767,(Type-1 Red)4 In 1 LED Digital 12V  Lighter Socket USB,935.0,21,740.0,,0,Non,Not a brand,Jumia
1768,(Style102)4.2A Aluminum Dual USB Moto Lighter Socket For,1058.0,21,840.0,,0,Non,Not a brand,Jumia
1769,(Green)12V/24V QC3.0 Car Charging Socket Waterproof  USB,990.0,20,790.0,,0,Non,Not a brand,Jumia
1770,（Only Wire）Car  Lighter Socket Waterproof 12V-24V Auto Boat Motorcycle Tractor Power Outlet Socket Receptacle Car Accessories,676.0,23,520.0,,0,Non,Not a brand,Jumia
1771,Genuine Universal In Car  Plug Socket Lighter Stopper Cover Cap,676.0,23,520.0,,0,Non,Not a brand,Jumia
1772,(GREEN)2019 New Arrive  Lighter Socket Splitter 12V-24V 2,838.0,20,670.0,,0,Non,Not a brand,Jumia
1773,(Green With Wire)12V/24V QC3.0 Car Charging Socket,990.0,20,790.0,,0,Non,Not a brand,Jumia
1774,(green)12V Motorcycle Car  Lighter In Auto Outlet Plug Boat,838.0,20,670.0,,0,Non,Not a brand,Jumia
1775,(1pc12-24V 200W)Car Lighter 12~24V 15A 200W Plug,838.0,20,670.0,,0,Non,Not a brand,Jumia
1776,(500CM)2019 New 12V 24V 10A Car Accessory Lighter,1072.0,21,850.0,,0,Non,Not a brand,Jumia
1777,(Without Lighter-B)12 Volt Car Backlight Adapter Watch,1058.0,21,840.0,,0,Non,Not a brand,Jumia
1778,(0.6M BLACK)1PC USB 5V To 12V Car  Lighter Socket Female,976.0,20,780.0,,0,Non,Not a brand,Jumia
1779,(Red)Car  Lighter Socket 12V-24V Waterproof Plug Power,838.0,20,670.0,,0,Non,Not a brand,Jumia
1780,（EU）220V To 12V EU USA AC/DC  Lighter Car  Lighter Adapter Conversion Plug Auto Accessories TSLM1,676.0,23,520.0,,0,Non,Not a brand,Jumia
1781,(No Switch-B)Waterproof Panel Type C PD Socket Adapter,1100.0,20,880.0,,0,Non,Not a brand,Jumia
1782,Universal 1set 12V Car  Lighter Head Power Plug + Socket Assembly Set For Honda For Toyota For BMW,676.0,23,520.0,,0,Non,Not a brand,Jumia
1783,(Blue With 3 In 1)2019 New Arrive  Lighter Socket Splitter,838.0,20,670.0,,0,Non,Not a brand,Jumia
1784,（silver）3.1A USB Car Charger Mobile Phone Dual USB Charging Adapter LED Display  Lighter Socket For Iphone Samsung Xiaomi,676.0,23,520.0,,0,Non,Not a brand,Jumia
1785,(196-Blue)Portable DIN To USB Outlet DIN Socket USB,1210.0,21,960.0,,0,Non,Not a brand,Jumia
1786,(Green With Cable)12V/24V Dual USB Outlet PD3.0 & QC3.0 USB,976.0,20,780.0,,0,Non,Not a brand,Jumia
1787,(No Switch-B)Waterproof Panel Type C PD Socket Adapter,1100.0,20,880.0,,0,Non,Not a brand,Jumia
1788,12V 24V EU Plug For BMW Motorcycle  Lighter Black Short,838.0,20,670.0,,0,Non,Not a brand,Jumia
1789,(White With Wire)Car  Lighter Socket 12V-24V Waterproof,838.0,20,670.0,,0,Non,Not a brand,Jumia
1790,(Red Led Light)Black Color 12V 120W Motorcycle Car Boat,838.0,20,670.0,,0,Non,Not a brand,Jumia
1791,1PC 12V-24V Car 10A  Lighter Female Socket Power Plug With Waterproof Cover Case,676.0,23,520.0,,0,Non,Not a brand,Jumia
1792,(green)New 12V 120W High Quality  Lighter Practical Secure,838.0,20,670.0,,0,Non,Not a brand,Jumia
1793,(Blue With Cable)12V-24V Car  Lighter Socket Motorcycle Car,838.0,20,670.0,,0,Non,Not a brand,Jumia
1794,(Orange With Wire)Car  Lighter Socket 12V-24V Waterproof,838.0,20,670.0,,0,Non,Not a brand,Jumia
1795,(Blue With 2 In 1)2019 New Arrive  Lighter Socket Splitter,838.0,20,670.0,,0,Non,Not a brand,Jumia
1796,(Gold)36W QC 3.0 Waterproof Universal Motorcycle Car Truck,838.0,20,670.0,,0,Non,Not a brand,Jumia
1797,(2m)Dependable Car Styling 12V 10A Car Accessory  Lighter,1003.0,20,800.0,,0,Non,Not a brand,Jumia
1798,（0.6M BLACK）1PC USB 5V To 12V Car  Lighter Socket Female Converter Power Adapter Cable 0.6/1M Long,748.0,23,576.0,,0,Non,Not a brand,Jumia
1799,（1Pcs Grey Cable） Lighter Car Charger Mobile Phone Charger Dual USB Connector Fast Charging For IPhone Huawei Samsung OnePlus Xiaomi,676.0,23,520.0,,0,Non,Not a brand,Jumia
1800,(Black)Universal 12V Car  Lighter Socket 3.1A Dual-port USB,838.0,20,670.0,,0,Non,Not a brand,Jumia
1801,Vehicle-mounted Rearview Mirror Bracket,455.0,30,319.0,,0,Non,Not a brand,Jumia
1802,3R-1008 Universal Car Mount Bracket Phone Holder,370.0,30,259.0,,0,Non,Not a brand,Jumia
1803,Car Mobile Phone Holder Buckle,555.0,30,389.0,,0,Non,Not a brand,Jumia
1804,Vehicle-mounted Rearview Mirror Bracket,455.0,30,319.0,,0,Non,Not a brand,Jumia
1805,HC006 2 In 1 Car Charger & 360 Rotation Holder,898.0,30,629.0,,0,Non,Not a brand,Jumia
1806,HZ19 Car Mobile Phone Magnetic Bracket,1327.0,30,929.0,,0,Non,Not a brand,Jumia
1807,HAMTOD IFORCE G1 Gravity Car Air Outlet Bracket,684.0,30,479.0,,0,Non,Not a brand,Jumia
1808,915 Generation For IPhone 14 13 12 Charger Protective Case 18W 20W,158.34,48,81.6,,0,Non,Not a brand,Jumia
1809,Car Air Outlet Six-claw Gravity Mobile Phone Holder Bracket,527.0,30,369.0,,0,Non,Not a brand,Jumia
1810,USAMS US-ZJ072 Car Center Console Holder,1184.0,30,829.0,,0,Non,Not a brand,Jumia
1811,Car Rearview Mirror Mobile Phone Holder,927.0,30,649.0,,0,Non,Not a brand,Jumia
1812,HZ19 Car Mobile Phone Magnetic Bracket,1327.0,30,929.0,,0,Non,Not a brand,Jumia
1813,Car Rearview Mirror Mobile Phone Holder,927.0,30,649.0,,0,Non,Not a brand,Jumia
1814,Car Air Outlet Six-claw Gravity Mobile Phone Holder Bracket,541.0,30,379.0,,0,Non,Not a brand,Jumia
1815,360 Degree Car Back Seat Headrest Mount Holder,655.0,30,459.0,,0,Non,Not a brand,Jumia
1816,Universal Car Air Vent Mount Phone Holder Stand,341.0,30,239.0,,0,Non,Not a brand,Jumia
1817,Car Air Outlet Six-claw Gravity Mobile Phone Holder Bracket,541.0,30,379.0,,0,Non,Not a brand,Jumia
1818,CACW-033 15W Fast Charge Mount,2412.0,30,1689.0,,0,Non,Not a brand,Jumia
1819,HAMTOD Car Gravity Invisible Telescopic Holder,498.0,30,349.0,,0,Non,Not a brand,Jumia
1820,HZ19 Car Mobile Phone Magnetic Bracket,1312.0,30,919.0,,0,Non,Not a brand,Jumia
1821,Accessory Fits Handlebars 8.2 To 14mm Diameter,450.0,23,346.0,,0,Non,Not a brand,Jumia
1822,Car Anti Slip Mat Dashboard Parking Card Holds Phones,638.0,23,491.0,,0,Non,Not a brand,Jumia
1823,Car Anti Slip Mat Dashboard Parking Card Holds Phones,713.0,33,475.0,,0,Non,Not a brand,Jumia
1824,Car Dashboard Gravity Bracket,584.0,30,409.0,,0,Non,Not a brand,Jumia
1825,HAMTOD Little One Car Gravity Invisible Telescopic Holder,441.0,30,309.0,,0,Non,Not a brand,Jumia
1826,Car Multifunctional Mobile Phone Holder With Car Air Outlet,398.0,30,279.0,,0,Non,Not a brand,Jumia
1827,Car Mobile Phone Fixed Bracket,384.0,30,269.0,,0,Non,Not a brand,Jumia
1828,3 PCS Car Mobile Phone Bracket,598.0,30,419.0,,0,Non,Not a brand,Jumia
1829,2 PCS Car Rearview Mirror Mobile Phone Bracket,598.0,30,419.0,,0,Non,Not a brand,Jumia
1830,Car Air Outlet Six-claw Gravity Mobile Phone Holder Bracket,527.0,30,369.0,,0,Non,Not a brand,Jumia
1831,Car Multifunctional Mobile Phone Holder With Car Air Outlet,398.0,30,279.0,,0,Non,Not a brand,Jumia
1832,915 Generation For IPhone 14 13 12 Charger Protective Case 18W 20W,164.64,49,84.42,,0,Non,Not a brand,Jumia
1833,HAMTOD IFORCE G1 Gravity Car Air Outlet Bracket,684.0,30,479.0,,0,Non,Not a brand,Jumia
1834,5PCS Y -Type Air Outlet Mobile Phone Bracket,841.0,30,589.0,,0,Non,Not a brand,Jumia
1835,HAMTOD Little One Car Gravity Invisible Telescopic Holder,441.0,30,309.0,,0,Non,Not a brand,Jumia
1836,5PCS Y -Type Air Outlet Mobile Phone Bracket,841.0,30,589.0,,0,Non,Not a brand,Jumia
1837,Car Rear Seat Mobile Phone Holder,741.0,30,519.0,,0,Non,Not a brand,Jumia
1838,HAMTOD Little One Car Gravity Invisible Telescopic Holder,441.0,30,309.0,,0,Non,Not a brand,Jumia
1839,Car Rear Seat Mobile Phone Holder,741.0,30,519.0,,0,Non,Not a brand,Jumia
1840,SUMITAP STM-xk565 Car Magnetic Phone Bracket,741.0,30,519.0,,0,Non,Not a brand,Jumia
1841,1pc 12 Volts Heavy Duty 15A Male Plug  Lighter Adapter,676.0,23,520.0,,0,Non,Not a brand,Jumia
1842,(Green With Cable)12V-24V Car  Lighter Socket Motorcycle,838.0,20,670.0,,0,Non,Not a brand,Jumia
1843,(Black-Green LED)4.2A Aluminum Dual USB Moto  Lighter,1031.0,20,820.0,,0,Non,Not a brand,Jumia
1844,(Blue1)12V 24V Car  Lighter Socket Adapter With Led Light,838.0,20,670.0,,0,Non,Not a brand,Jumia
1845,(NO SMOKING)12V Universal Car  Lighter On Cover Accessories,838.0,20,670.0,,0,Non,Not a brand,Jumia
1846,(Blue)Waterproof 12V-24V Mini Micro Dual USB Plug   Car,921.0,21,730.0,,0,Non,Not a brand,Jumia
1847,(Blue With Cable)12V/24V Dual USB Outlet PD3.0 & QC3.0 USB,976.0,20,780.0,,0,Non,Not a brand,Jumia
1848,(No Light)Car  Lighter Socket Waterproof 12V-24V Auto Boat,838.0,20,670.0,,0,Non,Not a brand,Jumia
1849,(No Light)Car  Lighter Socket 12V-24V Waterproof Plug Power,838.0,20,670.0,,0,Non,Not a brand,Jumia
1850,(Green)12V-24V Car  Lighter Socket Waterproof Auto Boat,838.0,20,670.0,,0,Non,Not a brand,Jumia
1851,(QC3.0 Green)Lighter Socket Car USB 12V-24V  Powerful,838.0,20,670.0,,0,Non,Not a brand,Jumia
1852,(103)4.2A Aluminum Dual USB Moto  Lighter Socket For BMW,1058.0,21,840.0,,0,Non,Not a brand,Jumia
1853,European And American Car  Lighter Plug With Switch 24V Universal 12V  Lighter,676.0,23,520.0,,0,Non,Not a brand,Jumia
1854,Universal Waterproof One-hole  Lighter Power Socket Professional  Lighter Socket With Tent Base Auto Parts,676.0,23,520.0,,0,Non,Not a brand,Jumia
1855,(Red)12V/24V QC3.0 Car Charging Socket Waterproof  USB Fast,990.0,20,790.0,,0,Non,Not a brand,Jumia
1856,(Red)12V-24V 2 Port  Lighter Socket Splitter USB Car,838.0,20,670.0,,0,Non,Not a brand,Jumia
1857,(Green With Wire)Car  Lighter Socket Waterproof 12V-24V,838.0,20,670.0,,0,Non,Not a brand,Jumia
1858,(Blue)12V-24V Car  Lighter Socket Motorcycle Car Auto Boat,838.0,20,670.0,,0,Non,Not a brand,Jumia
1859,(Type 1 Red)DC 12-24V 4.2A Dual USB Motorcycle  Lighter Car,948.0,21,750.0,,0,Non,Not a brand,Jumia
1860,(3M BLACK)1PC USB 5V To 12V Car  Lighter Socket Female,976.0,20,780.0,,0,Non,Not a brand,Jumia
1861,(Red With Wire)Car  Lighter Socket 12V-24V Waterproof Plug,838.0,20,670.0,,0,Non,Not a brand,Jumia
1862,(Orange With Cable)12V-24V Car  Lighter Socket Motorcycle,838.0,20,670.0,,0,Non,Not a brand,Jumia
1863,(only Cable)12V Car  Lighter Socket Waterproof Auto Boat,838.0,20,670.0,,0,Non,Not a brand,Jumia
1864,(White With Cable)12V-24V Car  Lighter Socket Motorcycle,838.0,20,670.0,,0,Non,Not a brand,Jumia
1865,(Only Cable)12V-24V Car  Lighter Socket Motorcycle Car Auto,838.0,20,670.0,,0,Non,Not a brand,Jumia
1866,(Black)12V-24V Car  Lighter Waterproof Plug Socket Suitable,838.0,20,670.0,,0,Non,Not a brand,Jumia
1867,1pc Green 12V Car  Lighter High Quality Car Power Socket Outlet For Volkswagen VW,676.0,23,520.0,,0,Non,Not a brand,Jumia
1868,(Blue With 3 In 1)2019 New Arrive  Lighter Socket Splitter,838.0,20,670.0,,0,Non,Not a brand,Jumia
1869,(blue)Universal 12V Car  Lighter Assembly Socket Power,990.0,20,790.0,,0,Non,Not a brand,Jumia
1870,(J)1Pcs Universal Car  Lighter On Cover Aluminum Billet,838.0,20,670.0,,0,Non,Not a brand,Jumia
1871,(Blue With Cable)12V-24V Car  Lighter Socket Motorcycle Car,838.0,20,670.0,,0,Non,Not a brand,Jumia
1872,Universal 1.5m Cable Car Motorcycle Truck  Lighter Power Plug Adapter 12V 24V DIY Accessory With ON/OFF On Switch,676.0,23,520.0,,0,Non,Not a brand,Jumia
1873,(Blue)Modified 4.2A 12V-24V Car Motorcycle  Lighter Dual,838.0,20,670.0,,0,Non,Not a brand,Jumia
1874,(Green Cable Hole Saw)Dual USB Motorcycle  Lighter Car,838.0,20,670.0,,0,Non,Not a brand,Jumia
1875,(Red )12V Universal Car  Lighter On Cover Accessories No,838.0,20,670.0,,0,Non,Not a brand,Jumia
1876,(Style1)Car Female Socket Connector Lighter Socket DC,838.0,20,670.0,,0,Non,Not a brand,Jumia
1877,（Orange） Lighter Socket Waterproof 12V Power Plug Outlet Receptacle For Car Marine Motorcycle ATV RV Socket Power Outlet,676.0,23,520.0,,0,Non,Not a brand,Jumia
1878,(No Light)12V Car  Lighter Socket Waterproof Auto Boat,838.0,20,670.0,,0,Non,Not a brand,Jumia
1879,(Green)Lighter Socket Waterproof 12V Power Plug Outlet,838.0,20,670.0,,0,Non,Not a brand,Jumia
1880,(Orange With Cable)12V-24V Car  Lighter Socket Motorcycle,838.0,20,670.0,,0,Non,Not a brand,Jumia
1881,Car Air Vent Mount Sucker Holder Stand,255.0,30,179.0,,0,Non,Not a brand,Jumia
1882,JR-ZS312 Foldable Magnetic Car Phone Mount,1227.0,30,859.0,,0,Non,Not a brand,Jumia
1883,"Phone Umbrella Stand, Suction Cup Perfect Traveling Mate Lake Blue",416.0,33,277.0,,0,Non,Not a brand,Jumia
1884,6 PCS Car Mobile Phone Bracket Base Accessories,798.0,30,559.0,,0,Non,Not a brand,Jumia
1885,Car Air Outlet Magnetic Mobile Phone Holder,398.0,30,279.0,,0,Non,Not a brand,Jumia
1886,Automatic Induction Gravity Car Mount Phone Holder,684.0,30,479.0,,0,Non,Not a brand,Jumia
1887,Umbrella Stand Mobile Phone Holder,1249.0,17,1041.0,,0,Non,Not a brand,Jumia
1888,Compartment Suction Cup Universal Car Mobile Phone Bracket,612.0,30,429.0,,0,Non,Not a brand,Jumia
1889,Double Chuck Folding Car Phone Holder,984.0,30,689.0,,0,Non,Not a brand,Jumia
1890,For Width Of 5-6.5cm Smartphones,498.0,30,349.0,,0,Non,Not a brand,Jumia
1891,360 Degree Rotatable Nanometer Car Air Vent Holder,941.0,30,659.0,,0,Non,Not a brand,Jumia
1892,Car Dashboard Phone Holder,570.0,30,399.0,,0,Non,Not a brand,Jumia
1893,5PCS Y -Type Air Outlet Mobile Phone Bracket,841.0,30,589.0,,0,Non,Not a brand,Jumia
1894,H02 Car Rearview Mirror Mobile Phone Holder,484.0,30,339.0,,0,Non,Not a brand,Jumia
1895,360-degree Mobile Phone Central Control Holder,541.0,30,379.0,,0,Non,Not a brand,Jumia
1896,Car Automatic Sensing Mobile Phone Bracket Holder,1384.0,30,969.0,,0,Non,Not a brand,Jumia
1897,Phone Universal Adjustable,1211.0,17,1009.0,,0,Non,Not a brand,Jumia
1898,3PCS Car Multi-function Magnetic Suction Phone Bracket,670.0,30,469.0,,0,Non,Not a brand,Jumia
1899,CAFELE Car Air Outlet Mobile Phone Holder Bracket,698.0,30,489.0,,0,Non,Not a brand,Jumia
1900,Mirror Long Rod Suction Cup Car Gravity Bracket,1212.0,30,849.0,,0,Non,Not a brand,Jumia
1901,USAMS US-ZJ072 Car Center Console Holder,1184.0,30,829.0,,0,Non,Not a brand,Jumia
1902,Car Sun Visor Rear Seat Mobile Phone Holder,684.0,30,479.0,,0,Non,Not a brand,Jumia
1903,Car Mobile Phone Fixed Bracket,384.0,30,269.0,,0,Non,Not a brand,Jumia
1904,"2 PCS Car Phone Holder, Colour: F6 Black",527.0,30,369.0,,0,Non,Not a brand,Jumia
1905,Umbrella Stand Mobile Phone Holder,1538.0,33,1025.0,,0,Non,Not a brand,Jumia
1906,Der Stable Car Holder Spec: Air Outlet Version,484.0,30,339.0,,0,Non,Not a brand,Jumia
1907,Phone  Stand,1270.0,17,1058.0,,0,Non,Not a brand,Jumia
1908,4 PCS Car Steering Wheel Mobile Phone Holder,541.0,30,379.0,,0,Non,Not a brand,Jumia
1909,Car Phone Holder Sucker Mount Stand,870.0,30,609.0,,0,Non,Not a brand,Jumia
1910,CM21E Aluminum Folding Bracket,1298.0,30,909.0,,0,Non,Not a brand,Jumia
1911,Car Phone Holder Mount For Truck,1441.0,30,1009.0,,0,Non,Not a brand,Jumia
1912,Car Rearview Mirror Mobile Phone Bracket,584.0,30,409.0,,0,Non,Not a brand,Jumia
1913,Car Center Console Windshield Mobile Phone Holder,1070.0,30,749.0,,0,Non,Not a brand,Jumia
1914,3R-1008 Universal Car Mount Bracket Phone Holder,370.0,30,259.0,,0,Non,Not a brand,Jumia
1915,Gravity Car Mobile Phone Holder,1070.0,30,749.0,,0,Non,Not a brand,Jumia
1916,Car Brackets,870.0,30,609.0,,0,Non,Not a brand,Jumia
1917,Desktop Stand Holder,360.0,23,277.0,,0,Non,Not a brand,Jumia
1918,Car Rearview Mirror Mobile Phone Holder,927.0,30,649.0,,0,Non,Not a brand,Jumia
1919,Car Metal Magnetic Air Outlet Mobile Phone Holder Bracket,212.0,30,149.0,,0,Non,Not a brand,Jumia
1920,Phone Holder Multifunction Racket Car Rearview Mirror Mount For Cell B,622.0,29,444.0,,0,Non,Not a brand,Jumia
1921,(Gold)Dual USB Car Charger Fast Charging QC 3.0 With,1003.0,20,800.0,,0,Non,Not a brand,Jumia
1922,(Type A Red 2pcs)12-24V USB Car Charge USB Auto Socket,1347.0,21,1070.0,,0,Non,Not a brand,Jumia
1923,（White With Wire）Car  Lighter Socket 12V-24V Waterproof Plug Power Outlet Adapter For Marine Boat Motorcycle Truck RV ATV With Wire D5,676.0,23,520.0,,0,Non,Not a brand,Jumia
1924,(93-Red)Mini QC3.0 Quick Charge DIN USB Power Adapter DIN,1210.0,21,960.0,,0,Non,Not a brand,Jumia
1925,(Silver)Car Charger USB 2 Ports Adapter  Lighter For BMW 1,838.0,20,670.0,,0,Non,Not a brand,Jumia
1926,(Orange With Wire)4.2A Dual USB Charger Socket Power Outlet,838.0,20,670.0,,0,Non,Not a brand,Jumia
1927,(Blue Light)36W Quick Charge 3.0 USB Car Charger Socket,990.0,20,790.0,,0,Non,Not a brand,Jumia
1928,(Red No Wire)Dual USB Charger Socket Power Outlet Adapter,990.0,20,790.0,,0,Non,Not a brand,Jumia
1929,(Blue C)PD Type C/QC 3.0 Usb Charger Power Outlet Digital,935.0,21,740.0,,0,Non,Not a brand,Jumia
1930,(red Led)2019 USB Charger Cover For Motorcycle Auto Truck,838.0,20,670.0,,0,Non,Not a brand,Jumia
1931,(Blue(PRO))QC 3.0 Dual USB Car Charger Socket With Cable,990.0,20,790.0,,0,Non,Not a brand,Jumia
1932,(Red)Dual USB Charger Socket Power Outlet With LED,838.0,20,670.0,,0,Non,Not a brand,Jumia
1933,(black)USB Car Charger Fast Charging Dual USB Adapter 3.1A,838.0,20,670.0,,0,Non,Not a brand,Jumia
1934,(Red)Hot Sale 2021 Car  Lighter Charger Auto Dual USB,838.0,20,670.0,,0,Non,Not a brand,Jumia
1935,(Type A Blue 2pcs)12-24V USB Car Charge USB Auto Socket,1347.0,21,1070.0,,0,Non,Not a brand,Jumia
1936,(green Light N Cable)Universal  Lighter Car Charger USB,838.0,20,670.0,,0,Non,Not a brand,Jumia
1937,(4.2A Red)Extractme 4.2A Dual USB Charger Socket QC3.0 Car,838.0,20,670.0,,0,Non,Not a brand,Jumia
1938,(3.1A Blue)Extractme Dual USB Charger Socket Waterproof,838.0,20,670.0,,0,Non,Not a brand,Jumia
1939,(New Blue)QC 3.0 USB Charger Socket Outlet Power Charger,990.0,20,790.0,,0,Non,Not a brand,Jumia
1940,(Type 1 Silver)Car  Lighter Socket Splitter Charger Dual,1058.0,21,840.0,,0,Non,Not a brand,Jumia
1941,(black)New 3.1A Dual USB Car Charger With LED Display,838.0,20,670.0,,0,Non,Not a brand,Jumia
1942,(2USB BLACK)2.1A QC3.0 4 USB Car Charger 12-32V Car Adapter,838.0,20,670.0,,0,Non,Not a brand,Jumia
1943,(3.1A Blue)Extractme Dual USB Charger Socket Waterproof,838.0,20,670.0,,0,Non,Not a brand,Jumia
1944,(Q15-Orange)2022New Car Fast Charger Auto Charger Quick,1017.0,20,810.0,,0,Non,Not a brand,Jumia
1945,(black)Quick Charge 3.0  Lighter Splitter 12V/24V 3-Socket,1347.0,21,1070.0,,0,Non,Not a brand,Jumia
1946,(110-Red)Mini QC3.0 Quick Charge DIN USB Power Adapter DIN,1210.0,21,960.0,,0,Non,Not a brand,Jumia
1947,(red)Dual Usb Car Charger 3.1A Car  Lighter Universal USB,838.0,20,670.0,,0,Non,Not a brand,Jumia
1948,(4.2A Blue)Dual USB Car Charger Motorcycle Plug 2 USB,1045.0,21,830.0,,0,Non,Not a brand,Jumia
1949,(5USB White)2.1A QC3.0 4 USB Car Charger 12-32V Car Adapter,838.0,20,670.0,,0,Non,Not a brand,Jumia
1950,(Black USB)12v Car Charger USB Auto  Lighter Socket,1100.0,20,880.0,,0,Non,Not a brand,Jumia
1951,(Blue B)PD Type C/QC 3.0 Usb Charger Power Outlet Digital,935.0,21,740.0,,0,Non,Not a brand,Jumia
1952,(RED 3PCS)Extractme QC3.0 Dual USB Charger 12V Socket,838.0,20,670.0,,0,Non,Not a brand,Jumia
1953,(White Add Wire)Dual USB Charger Socket Power Outlet With,838.0,20,670.0,,0,Non,Not a brand,Jumia
1954,(Blue With Wire)Quick Charge 3.0 Dual USB Car Charger,976.0,20,780.0,,0,Non,Not a brand,Jumia
1955,(Red 1)Car Charger Switch Panel 12V Dual USB Socket LED,1058.0,21,840.0,,0,Non,Not a brand,Jumia
1956,(Green Type 6)Car Motorcycle  Lighter Charger Dual USB,838.0,20,670.0,,0,Non,Not a brand,Jumia
1957,(Red With Cable)Car Charger Car  Lighter Socket Splitter,1031.0,20,820.0,,0,Non,Not a brand,Jumia
1958,(Blue)Dual USB Car Charger Socket 12V 4.2A Power Outlet,838.0,20,670.0,,0,Non,Not a brand,Jumia
1959,(green Led)Car  Lighter Sockets Dual USB Motorcycle Charger,838.0,20,670.0,,0,Non,Not a brand,Jumia
1960,(white)Car  Lighter Socket Splitter Charger 12V Dual USB QC,1127.0,20,900.0,,0,Non,Not a brand,Jumia
1961,Universal Gravity Auto Phone Holder Car Air Vent Clip Mount Mobile Phone Holder CellPhone Stand Support For iPhone For Samsung MEI,1680.0,43,960.0,,0,Non,Not a brand,Jumia
1962,Auto Car Accessories Universal Car ic Holder Car Dashboard Phone Mount Holder Auto Products Mount for Car Decoration MEI,1680.0,43,960.0,,0,Non,Not a brand,Jumia
1963,Car Phone Holder Air Vent Mount Holder Universal Car Holder For Cell Phone in Car Mobile Phone Holder Stand For 4-6 inch MEI,1680.0,43,960.0,,0,Non,Not a brand,Jumia
1964,NEW Telescopic Car Rear Pillow Phone Holder Seat Rear Headrest Mounting Bracket Tablet Car Stand for Phone Tablet 4-11 Inch MEI,2040.0,43,1160.0,,0,Non,Not a brand,Jumia
1965,Arm Double Socket Arm for RAM with 1 Inch Ball Base Mount Motorcycle Camera Extension Arm MEI,2280.0,42,1320.0,,0,Non,Not a brand,Jumia
1966,Plastic Car Telescopic Long Arm Bracket Ball Suction Cup Base Auto Mobile Phone Support MEI,1680.0,43,960.0,,0,Non,Not a brand,Jumia
1967,Car Headrest Hook with Phone Holder Seat Back Hanger For Rear Seat Cradle Clips Car Portable Multifunction Clips MEI,1680.0,43,960.0,,0,Non,Not a brand,Jumia
1968,1/2Pcs Car Phone Holder Air Vent Mount Holder Universal Car Holder For Cell Phone in Car Mobile Phone Holder Stand For 4-6 inch MEI,1680.0,43,960.0,,0,Non,Not a brand,Jumia
1969,ic Mobile Phone Holders Car Durable 360 Degree Viewing Angle Cell Phone Mount Automobile ic Phone Bracket Accessory MEI,2320.0,43,1320.0,,0,Non,Not a brand,Jumia
1970,Telescopic Car Rear Pillow Phone Holder Tablet Car Stand Seat Rear Headrest Mounting Bracket for Phone Tablet 4-11 Inch MEI,1680.0,43,960.0,,0,Non,Not a brand,Jumia
1971,ic Car Phone Holder for Iphone Xiaomi Huawei Multi-function Metal Patch Holder Dashboard Wall Mounted Universal Sticker MEI,1680.0,43,960.0,,0,Non,Not a brand,Jumia
1972,ic Car Phone Holder Mobile Cell Phone Stand Smartphone Pillar for Tesla Model 3 Y  Mount B6K2 MEI,2400.0,42,1400.0,,0,Non,Not a brand,Jumia
1973,Phone Holder for Car Truck Drivers Universal Upgraded Handsfree Stand Dash Windshield Air Vent Mobile Phone Mount Stand MEI,1680.0,43,960.0,,0,Non,Not a brand,Jumia
1974,Ushilife Car Phone Holder Stand Dedicated Mount Bracket Base For Alfa Romeo Stelvio SUV Giulia 2017 2018 2019 2020 2021 2022 MEI,1680.0,43,960.0,,0,Non,Not a brand,Jumia
1975,Universal Bing Car Phone Holder with Crystal Rhinestone Car Air Vent Mount Clip Cell Phone Holder for iPhone Samsung Car Holder MEI,1680.0,43,960.0,,0,Non,Not a brand,Jumia
1976,Car Steering Wheel Mobile Phone Holder Universal Mount Buckle Phone Holder for Steering Wheel Navigation Car Auto Accessories MEI,1680.0,43,960.0,,0,Non,Not a brand,Jumia
1977,ic Metal Plate For ic Car Phone Holder Universal Iron Sheet Sticker Stand Mobile Phone  Holder Mount MEI,1680.0,43,960.0,,0,Non,Not a brand,Jumia
1978,Plastic Car Telescopic Long Arm Bracket Ball Suction Cup Base Auto Mobile Phone Support MEI,1680.0,43,960.0,,0,Non,Not a brand,Jumia
1979,Super ic Car Phone Holder Suitable for Apple Xiaomi Huawei Mobile Phone Holder Dashboard Wall Mounted Car  Sticker MEI,1880.0,43,1080.0,,0,Non,Not a brand,Jumia
1980,New Car Phone Holder Snap Bracket Car Multifunctional Navigation Stand Anti-drop Fixed Support for Iphone Samsung Xiaomi MEI,1680.0,43,960.0,,0,Non,Not a brand,Jumia
1981,2023 NEW Universal Sucker Car Phone Holder 360° Windshield Car Dashboard Mobile Cell Support Bracket for 4.0-6 Inch Smartphones MEI,1960.0,43,1120.0,,0,Non,Not a brand,Jumia
1982,Car dashboard clip mobile phone bracket car rearview mirror sun visor snap-on navigation phone bracket car phone holder MEI,1680.0,43,960.0,,0,Non,Not a brand,Jumia
1983,NEW Universal Sucker Car Phone Holder 360° Windshield Car Dashboard Mobile Cell Support Bracket for 4.0-6 Inch Smartphones MEI,1680.0,43,960.0,,0,Non,Not a brand,Jumia
1984,Car Phone Holder Multifunctional 360°  Rotatable Auto Rearview Mirror Seat Hanging Clip Bracket Cell Phone Holder for Car MEI,1960.0,43,1120.0,,0,Non,Not a brand,Jumia
1985,5pcs/Set Metal Disk Plate for ic Phone Holder Black Iron Sheet Disk Sticker Car Phone  Stand Accessories for car MEI,1680.0,43,960.0,,0,Non,Not a brand,Jumia
1986,Super Car ic Holder Phone Suitable Mobile Phone Holder Dashboard Wall Mounted Car  Sticker MEI,1680.0,43,960.0,,0,Non,Not a brand,Jumia
1987,Telescopic Car Rear Pillow Phone Holder Tablet Car Stand Seat Rear Headrest Mounting Bracket for Phone Tablet 4-11 Inch MEI,2240.0,43,1280.0,,0,Non,Not a brand,Jumia
1988,Car Mobile Phone Holder Gravity Fixed Universal For Android Phone iPhone Car Air Conditioner Air Outlet Navigation Holder MEI,1680.0,43,960.0,,0,Non,Not a brand,Jumia
1989,Universal Gravity Auto Phone Holder Car Air Vent Clip Mount Mobile Phone Holder CellPhone Stand Support For iPhone For Samsung MEI,1680.0,43,960.0,,0,Non,Not a brand,Jumia
1990,For Tesla Model 3 Y X S Phone Mount Adjustable Monitor Expansion Bracket Car ic Screen Side Phone Support Holder Model Y 3 MEI,1680.0,43,960.0,,0,Non,Not a brand,Jumia
1991,360° Simple Car Air Vent Mini Phone Holder 360 Rotation Universal Auto Navigation Bracket For Xiaomi Samsung IPhone MEI,1680.0,43,960.0,,0,Non,Not a brand,Jumia
1992,Car Phone Holder Multifunctional 360 Degree Rotatable Auto Rearview Mirror Seat Hanging Clip Bracket Cell Phone Holder for Car MEI,1680.0,43,960.0,,0,Non,Not a brand,Jumia
1993,ic Metal Plate For Car Phone Holder Universal Iron Sheet Disk Sticker Mount Mobile Phone  Stand For IPhone MEI,1680.0,43,960.0,,0,Non,Not a brand,Jumia
1994,Universal Car Bracket Gravity Auto Phone Holder Car Air Vent Clip Mount Mobile Phone Holder CellPhone Stand For iPhone Samsung MEI,1680.0,43,960.0,,0,Non,Not a brand,Jumia
1995,Universal Car Air Vent Clip Mount For Car Round Air Outlet Cell Phone Holder Universal Car Bracket Auto Interior Accessories MEI,1680.0,43,960.0,,0,Non,Not a brand,Jumia
1996,2023 NEW Universal Sucker Car Phone Holder 360° Windshield Car Dashboard Mobile Cell Support Bracket for 4.0-6 Inch Smartphones MEI,1960.0,43,1120.0,,0,Non,Not a brand,Jumia
1997,ic Mobile Phone Holder Car Dashboard Bracket Car Air Vent Mount Universal Mobile Phone Stand  Support for Iphone 13 MEI,1920.0,44,1080.0,,0,Non,Not a brand,Jumia
1998,Car Mobile Phone Holder Gravity Fixed Universal For Android Phone iPhone Car Air Conditioner Air Outlet Navigation Holder MEI,1680.0,43,960.0,,0,Non,Not a brand,Jumia
1999,Phone Mount For Car Center Console Stack Super Adsorption Phone Holder On-Board Suck Support Clamp Bracket Universal MEI,2200.0,42,1280.0,,0,Non,Not a brand,Jumia
2000,ic Mobile Phone Holder Car Dashboard Bracket Car Air Vent Mount Universal Mobile Phone Stand  Support for Iphone 13 MEI,1920.0,44,1080.0,,0,Non,Not a brand,Jumia
